time     dist    RSSI    SNR     BER     org     rt      dev     drp     rat% r_
kbps     tot_kbps        bw_util
0  0  0  0  0  0  0  0  0  0  0  0  0
1  53.1518  -32.5517  67.4482  1e-08  0  0  0  0  0  11222.4  0  0
2  150.38  -47.0438  52.9563  1e-08  0  0  0  0  0  11648  0  0
3  250.264  -53.3867  46.6133  1e-08  0  0  0  0  0  11648  0  0
4  350.218  -57.5132  42.4867  1e-08  0  0  0  0  0  11670.4  0  0
5  450.178  -60.583  39.4169  1e-08  0  0  0  0  0  11659.2  0  0
6  550.145  -63.0299  36.9702  1e-08  0  0  0  0  0  11670.4  0  0
7  650.164  -65.0659  34.9341  1e-08  0  0  0  0  0  11670.4  0  0
8  750.142  -66.8083  33.1917  1e-08  0  0  0  0  0  11659.2  0  0
9  850.12  -68.3317  31.6683  1e-08  0  0  0  0  0  11670.4  0  0
10  950.143  -69.6858  30.3142  1e-08  0  0  0  0  0  11670.4  0  0
11  1050.13  -70.9035  29.0965  1e-08  0  0  0  0  0  11659.2  0  0
12  1150.11  -72.0101  27.9898  1e-08  0  0  0  0  0  11670.4  0  0
13  1250.13  -73.0248  26.9752  1e-08  0  0  0  0  0  11670.4  0  0
14  1350.12  -73.9609  26.0391  1e-08  0  0  0  0  0  11659.2  0  0
15  1450.1  -74.83  25.17  1e-08  0  0  0  0  0  11670.4  0  0
16  1550.13  -75.6415  24.3585  1e-08  0  0  0  0  0  11670.4  0  0
17  1650.11  -76.4018  23.5982  1e-08  0  0  0  0  0  11659.2  0  0
18  1750.09  -77.1174  22.8827  1e-08  0  0  0  0  0  11670.4  0  0
19  1850.12  -77.7934  22.2065  1e-08  0  0  0  0  0  11670.4  0  0
20  1950.11  -78.4336  21.5663  1e-08  0  0  0  0  0  11648  0  0
21  2050.09  -79.0417  20.9582  1e-08  0  0  0  0  0  11670.4  0  0
22  2150.12  -79.6212  20.3789  1e-08  0  0  0  0  0  11670.4  0  0
23  2250.11  -80.174  19.826  1e-08  0  0  0  0  0  11659.2  0  0
24  2350.09  -80.7027  19.2973  1e-08  0  0  0  0  0  11670.4  0  0
25  2450.12  -81.2097  18.7903  1e-08  0  0  0  0  0  11659.2  0  0
26  2550.11  -81.6961  18.3039  1e-08  0  0  0  0  0  11659.2  0  0
27  2650.09  -82.1639  17.8362  1e-08  0  0  0  0  0  11670.4  0  0
28  2750.12  -82.6145  17.3856  1e-08  0  0  0  0  0  11670.4  0  0
29  2850.1  -83.0488  16.9512  1e-08  0  0  0  0  0  11648  0  0
30  2950.08  -83.4681  16.5319  1e-08  0  0  0  0  0  11670.4  0  0
31  3050.11  -83.8736  16.1264  1e-08  0  0  0  0  0  11670.4  0  0
32  3150.13  -84.266  15.734  1e-08  0  0  0  0  0  11648  0  0
33  3250.13  -84.646  15.3539  1e-08  0  0  0  0  0  11648  0  0
34  3350.13  -85.0146  14.9855  1e-08  0  0  0  0  0  11648  0  0
35  3450.13  -85.3723  14.6278  1e-08  0  0  0  0  0  11648  0  0
36  3550.13  -85.7197  14.2803  1e-08  0  0  0  0  0  11648  0  0
37  3650.13  -86.0575  13.9425  1e-08  0  0  0  0  0  11636.8  0  0
38  3750.13  -86.3862  13.6138  1e-08  0  0  0  0  0  11648  0  0
39  3850.13  -86.7063  13.2938  1e-08  0  0  0  0  0  11648  0  0
40  3950.13  -87.0181  12.9819  1.56426e-08  0  0  0  0  0  11648  0  0
41  4050.13  -87.3221  12.678  1.30061e-07  0  0  0  0  0  11625.6  0  0
42  4150.13  -87.6187  12.3812  1.14318e-06  0  0  0  0  0  11491.2  0  0
43  4250.13  -87.9083  12.0918  9.29252e-06  0  0  0  0  0  10292.8  0  0
44  4350.13  -88.1911  11.809  3.9312e-05  0  0  0  0  0  7638.4  0  0
45  4450.13  -88.4675  11.5325  0.000134886  0  0  0  0  0  2587.2  0  0
46  4550.13  -88.7377  11.2623  0.00045036  0  0  0  0  0  257.6  0  0
47  4650.13  -89.0021  10.9979  0.00136336  0  0  0  0  0  0  0  0
48  4750.13  -89.2608  10.7392  0.00298846  0  0  0  0  0  0  0  0
49  4850.13  -89.5142  10.4857  0.00622072  0  0  0  0  0  0  0  0
50  4950.13  -89.7623  10.2377  0.0127571  0  0  0  0  0  0  0  0
51  5050.13  -90.0056  9.99445  0.0244184  0  0  0  0  0  0  0  0
52  5150.13  -90.244  9.75597  0.0361416  0  0  0  0  0  0  0  0
53  5250.13  -90.4779  9.52209  0.0514399  0  0  0  0  0  0  0  0
54  5350.13  -90.7073  9.29267  0.0727283  0  0  0  0  0  0  0  0
55  5450.13  -90.9325  9.06747  0.101698  0  0  0  0  0  0  0  0
56  5550.13  -91.1536  8.84638  0.122925  0  0  0  0  0  0  0  0
57  5650.13  -91.3708  8.6292  0.139027  0  0  0  0  0  0  0  0
58  5750.13  -91.5841  8.41588  0.156899  0  0  0  0  0  0  0  0
59  5850.13  -91.7938  8.20618  0.176699  0  0  0  0  0  0  0  0
60  5950.13  -91.9999  8.00008  0.198101  0  0  0  0  0  0  0  0
61  6050.13  -92.2026  7.79732  0.218506  0  0  0  0  0  0  0  0
62  6150.13  -92.4019  7.59805  0.240072  0  0  0  0  0  0  0  0
63  6250.13  -92.5981  7.40195  0.263366  0  0  0  0  0  0  0  0
64  6350.1  -92.791  7.20896  0.288487  0  0  0  0  0  0  0  0
65  6450.08  -92.981  7.01902  0.314291  0  0  0  0  0  0  0  0
66  6550.11  -93.1681  6.83186  0.329834  0  0  0  0  0  0  0  0
67  6650.1  -93.3524  6.64761  0.342927  0  0  0  0  0  0  0  0
68  6750.08  -93.5338  6.46619  0.356333  0  0  0  0  0  0  0  0
69  6850.11  -93.7127  6.2873  0.370061  0  0  0  0  0  0  0  0
70  6950.1  -93.8889  6.11104  0.3841  0  0  0  0  0  0  0  0
71  7050.08  -94.0626  5.93735  0.396187  0  0  0  0  0  0  0  0
72  7150.11  -94.2339  5.76608  0.404673  0  0  0  0  0  0  0  0
73  7250.1  -94.4028  5.59717  0.413156  0  0  0  0  0  0  0  0
74  7350.08  -94.5694  5.43063  0.421697  0  0  0  0  0  0  0  0
75  7404.08  -94.6585  5.34152  0.426332  0  0  0  0  0  0  0  0
76  0  0  0  0  0  0  0  0  0  0  0  0
77  0  0  0  0  0  0  0  0  0  0  0  0
78  0  0  0  0  0  0  0  0  0  0  0  0
79  0  0  0  0  0  0  0  0  0  0  0  0
