time     dist    RSSI    SNR     BER     org     rt      dev     drp     rat% r_
kbps     tot_kbps        bw_util
0  0  0  0  0  0  0  0  0  0  0  0  0
1  53.2008  -32.5721  67.4278  1e-08  0  0  0  0  0  17124.8  0  0
2  150.403  -47.0459  52.9541  1e-08  0  0  0  0  0  17785.6  0  0
3  250.288  -53.3879  46.6121  1e-08  0  0  0  0  0  17785.6  0  0
4  350.239  -57.514  42.4859  1e-08  0  0  0  0  0  17808  0  0
5  450.203  -60.5837  39.4162  1e-08  0  0  0  0  0  17796.8  0  0
6  550.175  -63.0305  36.9695  1e-08  0  0  0  0  0  17808  0  0
7  650.184  -65.0663  34.9337  1e-08  0  0  0  0  0  17808  0  0
8  750.166  -66.8087  33.1913  1e-08  0  0  0  0  0  17796.8  0  0
9  850.151  -68.3321  31.6679  1e-08  0  0  0  0  0  17808  0  0
10  950.163  -69.686  30.314  1e-08  0  0  0  0  0  17808  0  0
11  1050.15  -70.9038  29.0962  1e-08  0  0  0  0  0  17796.8  0  0
12  1150.14  -72.0104  27.9895  1e-08  0  0  0  0  0  17808  0  0
13  1250.15  -73.025  26.975  1e-08  0  0  0  0  0  17808  0  0
14  1350.14  -73.9612  26.0389  1e-08  0  0  0  0  0  17785.6  0  0
15  1450.13  -74.8303  25.1698  1e-08  0  0  0  0  0  17808  0  0
16  1550.15  -75.6416  24.3584  1e-08  0  0  0  0  0  17808  0  0
17  1650.14  -76.402  23.598  1e-08  0  0  0  0  0  17796.8  0  0
18  1750.12  -77.1176  22.8824  1e-08  0  0  0  0  0  17808  0  0
19  1850.14  -77.7936  22.2064  1e-08  0  0  0  0  0  17808  0  0
20  1950.13  -78.4338  21.5662  1e-08  0  0  0  0  0  17785.6  0  0
21  2050.12  -79.0419  20.958  1e-08  0  0  0  0  0  17808  0  0
22  2150.14  -79.6213  20.3788  1e-08  0  0  0  0  0  17808  0  0
23  2250.13  -80.1741  19.8259  1.23785e-08  0  0  0  0  0  17796.8  0  0
24  2350.12  -80.7029  19.2971  2.19376e-08  0  0  0  0  0  17808  0  0
25  2450.14  -81.2098  18.7902  8.05162e-08  0  0  0  0  0  17785.6  0  0
26  2550.13  -81.6963  18.3038  5.44785e-07  0  0  0  0  0  17595.2  0  0
27  2650.12  -82.164  17.836  2.562e-06  0  0  0  0  0  17337.6  0  0
28  2750.14  -82.6145  17.3855  8.40556e-06  0  0  0  0  0  16195.2  0  0
29  2850.13  -83.0489  16.9511  2.30032e-05  0  0  0  0  0  13888  0  0
30  2950.11  -83.4682  16.5318  4.12e-05  0  0  0  0  0  10931.2  0  0
31  3050.13  -83.8737  16.1263  7.08275e-05  0  0  0  0  0  7940.8  0  0
32  3150.15  -84.266  15.734  0.000160694  0  0  0  0  0  3180.8  0  0
33  3250.15  -84.6461  15.3539  0.000398988  0  0  0  0  0  336  0  0
34  3350.15  -85.0146  14.9854  0.000923317  0  0  0  0  0  0  0  0
35  3450.15  -85.3723  14.6278  0.00176112  0  0  0  0  0  0  0  0
36  3550.15  -85.7198  14.2802  0.00323755  0  0  0  0  0  0  0  0
37  3650.15  -86.0576  13.9424  0.00566398  0  0  0  0  0  0  0  0
38  3750.15  -86.3863  13.6137  0.00895299  0  0  0  0  0  0  0  0
39  3850.15  -86.7063  13.2937  0.0139077  0  0  0  0  0  0  0  0
40  3950.15  -87.0181  12.9819  0.0212049  0  0  0  0  0  0  0  0
41  4050.15  -87.3222  12.6779  0.0310287  0  0  0  0  0  0  0  0
42  4150.15  -87.6188  12.3812  0.0448302  0  0  0  0  0  0  0  0
43  4250.15  -87.9083  12.0917  0.0641433  0  0  0  0  0  0  0  0
44  4350.15  -88.1911  11.8089  0.0878815  0  0  0  0  0  0  0  0
45  4450.15  -88.4675  11.5324  0.117623  0  0  0  0  0  0  0  0
46  4550.15  -88.7378  11.2623  0.156414  0  0  0  0  0  0  0  0
47  4650.15  -89.0021  10.9979  0.201631  0  0  0  0  0  0  0  0
48  4750.15  -89.2609  10.7391  0.226367  0  0  0  0  0  0  0  0
49  4850.15  -89.5142  10.4857  0.248449  0  0  0  0  0  0  0  0
50  4950.15  -89.7624  10.2376  0.272168  0  0  0  0  0  0  0  0
51  5050.15  -90.0056  9.99441  0.296227  0  0  0  0  0  0  0  0
52  5150.15  -90.244  9.75593  0.314064  0  0  0  0  0  0  0  0
53  5250.15  -90.4779  9.52205  0.331402  0  0  0  0  0  0  0  0
54  5350.15  -90.7074  9.29263  0.349342  0  0  0  0  0  0  0  0
55  5450.15  -90.9325  9.06744  0.367752  0  0  0  0  0  0  0  0
56  5550.15  -91.1536  8.84634  0.381856  0  0  0  0  0  0  0  0
57  5650.15  -91.3708  8.62916  0.393813  0  0  0  0  0  0  0  0
58  5750.15  -91.5841  8.41584  0.405925  0  0  0  0  0  0  0  0
59  5850.15  -91.7938  8.20615  0.418191  0  0  0  0  0  0  0  0
60  5950.15  -91.9999  8.00005  0.430346  0  0  0  0  0  0  0  0
61  6050.15  -92.2026  7.79729  0.441041  0  0  0  0  0  0  0  0
62  6150.15  -92.4019  7.59801  0.451552  0  0  0  0  0  0  0  0
63  6250.15  -92.5981  7.40191  0.462137  0  0  0  0  0  0  0  0
64  6350.13  -92.7911  7.20891  0.472795  0  0  0  0  0  0  0  0
65  6403.1  -92.8922  7.10796  0.478469  0  0  0  0  0  0  0  0
66  0  0  0  0  0  0  0  0  0  0  0  0
67  0  0  0  0  0  0  0  0  0  0  0  0
68  0  0  0  0  0  0  0  0  0  0  0  0
69  0  0  0  0  0  0  0  0  0  0  0  0