time     dist    RSSI    SNR     BER     org     rt      dev     drp     rat% r_
kbps     tot_kbps        bw_util
0  0  0  0  0  0  0  0  0  0  0  0  0
1  52.7497  -32.3793  67.6207  1e-08  0  0  0  0  0  2721.6  0  0
2  150.361  -47.0422  52.9578  1e-08  0  0  0  0  0  2800  0  0
3  250.245  -53.3858  46.6142  1e-08  0  0  0  0  0  2800  0  0
4  350.195  -57.5125  42.4875  1e-08  0  0  0  0  0  2800  0  0
5  450.17  -60.5828  39.4171  1e-08  0  0  0  0  0  2800  0  0
6  550.153  -63.03  36.97  1e-08  0  0  0  0  0  2800  0  0
7  650.141  -65.0655  34.9345  1e-08  0  0  0  0  0  2800  0  0
8  750.133  -66.8082  33.1919  1e-08  0  0  0  0  0  2800  0  0
9  850.128  -68.3318  31.6682  1e-08  0  0  0  0  0  2800  0  0
10  950.12  -69.6855  30.3145  1e-08  0  0  0  0  0  2800  0  0
11  1050.12  -70.9034  29.0966  1e-08  0  0  0  0  0  2800  0  0
12  1150.11  -72.0102  27.9898  1e-08  0  0  0  0  0  2800  0  0
13  1250.11  -73.0246  26.9754  1e-08  0  0  0  0  0  2800  0  0
14  1350.11  -73.9608  26.0392  1e-08  0  0  0  0  0  2800  0  0
15  1450.11  -74.8301  25.17  1e-08  0  0  0  0  0  2800  0  0
16  1550.11  -75.6413  24.3587  1e-08  0  0  0  0  0  2800  0  0
17  1650.1  -76.4018  23.5983  1e-08  0  0  0  0  0  2800  0  0
18  1750.1  -77.1174  22.8826  1e-08  0  0  0  0  0  2800  0  0
19  1850.1  -77.7933  22.2067  1e-08  0  0  0  0  0  2800  0  0
20  1950.1  -78.4336  21.5664  1e-08  0  0  0  0  0  2800  0  0
21  2050.1  -79.0418  20.9581  1e-08  0  0  0  0  0  2800  0  0
22  2150.1  -79.621  20.3791  1e-08  0  0  0  0  0  2800  0  0
23  2250.1  -80.1739  19.8261  1e-08  0  0  0  0  0  2800  0  0
24  2350.1  -80.7028  19.2973  1e-08  0  0  0  0  0  2800  0  0
25  2450.1  -81.2096  18.7904  1e-08  0  0  0  0  0  2800  0  0
26  2550.1  -81.6961  18.3039  1e-08  0  0  0  0  0  2800  0  0
27  2650.1  -82.1639  17.8361  1e-08  0  0  0  0  0  2800  0  0
28  2750.1  -82.6144  17.3857  1e-08  0  0  0  0  0  2800  0  0
29  2850.1  -83.0487  16.9512  1e-08  0  0  0  0  0  2800  0  0
30  2950.09  -83.4681  16.5319  1e-08  0  0  0  0  0  2800  0  0
31  3050.09  -83.8735  16.1265  1e-08  0  0  0  0  0  2800  0  0
32  3150.09  -84.2658  15.7342  1e-08  0  0  0  0  0  2800  0  0
33  3250.09  -84.6459  15.3541  1e-08  0  0  0  0  0  2800  0  0
34  3350.09  -85.0144  14.9856  1e-08  0  0  0  0  0  2800  0  0
35  3450.09  -85.3721  14.6279  1e-08  0  0  0  0  0  2800  0  0
36  3550.09  -85.7196  14.2804  1e-08  0  0  0  0  0  2800  0  0
37  3650.09  -86.0574  13.9426  1e-08  0  0  0  0  0  2800  0  0
38  3750.09  -86.3861  13.6139  1e-08  0  0  0  0  0  2800  0  0
39  3850.09  -86.7061  13.2939  1e-08  0  0  0  0  0  2800  0  0
40  3950.09  -87.018  12.982  1e-08  0  0  0  0  0  2800  0  0
41  4050.09  -87.322  12.6781  1e-08  0  0  0  0  0  2800  0  0
42  4150.09  -87.6186  12.3813  1e-08  0  0  0  0  0  2800  0  0
43  4250.09  -87.9082  12.0919  1e-08  0  0  0  0  0  2800  0  0
44  4350.09  -88.191  11.8091  1e-08  0  0  0  0  0  2800  0  0
45  4450.09  -88.4674  11.5326  1e-08  0  0  0  0  0  2800  0  0
46  4550.09  -88.7376  11.2624  1e-08  0  0  0  0  0  2800  0  0
47  4650.09  -89.002  10.998  1e-08  0  0  0  0  0  2800  0  0
48  4750.09  -89.2607  10.7393  1e-08  0  0  0  0  0  2800  0  0
49  4850.09  -89.5141  10.4858  1e-08  0  0  0  0  0  2800  0  0
50  4950.09  -89.7623  10.2378  1e-08  0  0  0  0  0  2800  0  0
51  5050.09  -90.0055  9.99454  1e-08  0  0  0  0  0  2800  0  0
52  5150.09  -90.2439  9.75606  1e-08  0  0  0  0  0  2788.8  0  0
53  5250.09  -90.4778  9.52218  1e-08  0  0  0  0  0  2800  0  0
54  5350.09  -90.7072  9.29276  1e-08  0  0  0  0  0  2800  0  0
55  5450.09  -90.9324  9.06756  1e-08  0  0  0  0  0  2800  0  0
56  5550.09  -91.1535  8.84646  1e-08  0  0  0  0  0  2800  0  0
57  5650.09  -91.3707  8.62928  1e-08  0  0  0  0  0  2800  0  0
58  5750.09  -91.584  8.41596  1e-08  0  0  0  0  0  2800  0  0
59  5850.09  -91.7937  8.20626  1e-08  0  0  0  0  0  2800  0  0
60  5950.09  -91.9998  8.00016  1e-08  0  0  0  0  0  2800  0  0
61  6050.09  -92.2025  7.7974  1e-08  0  0  0  0  0  2800  0  0
62  6150.09  -92.4018  7.59812  1e-08  0  0  0  0  0  2800  0  0
63  6250.09  -92.598  7.40202  1e-08  0  0  0  0  0  2800  0  0
64  6350.09  -92.791  7.20898  1e-08  0  0  0  0  0  2800  0  0
65  6450.09  -92.981  7.019  1e-08  0  0  0  0  0  2800  0  0
66  6550.09  -93.1681  6.8319  1e-08  0  0  0  0  0  2800  0  0
67  6650.09  -93.3523  6.64762  1e-08  0  0  0  0  0  2800  0  0
68  6750.09  -93.5338  6.46618  1e-08  0  0  0  0  0  2800  0  0
69  6850.09  -93.7127  6.28734  1e-08  0  0  0  0  0  2800  0  0
70  6950.09  -93.8889  6.11106  1e-08  0  0  0  0  0  2800  0  0
71  7050.09  -94.0626  5.93734  1.29819e-08  0  0  0  0  0  2800  0  0
72  7150.09  -94.2339  5.76612  2.47887e-08  0  0  0  0  0  2800  0  0
73  7250.09  -94.4028  5.59718  4.71272e-08  0  0  0  0  0  2788.8  0  0
74  7350.09  -94.5694  5.43062  8.88109e-08  0  0  0  0  0  2800  0  0
75  7450.09  -94.7337  5.26624  1.65939e-07  0  0  0  0  0  2800  0  0
76  7550.09  -94.8959  5.10416  3.07483e-07  0  0  0  0  0  2788.8  0  0
77  7650.09  -95.0559  4.94414  5.15832e-07  0  0  0  0  0  2777.6  0  0
78  7750.09  -95.2138  4.7862  7.52099e-07  0  0  0  0  0  2788.8  0  0
79  7850.09  -95.3697  4.6303  1.08905e-06  0  0  0  0  0  2755.2  0  0
80  7950.09  -95.5236  4.47638  1.56958e-06  0  0  0  0  0  2766.4  0  0
81  8050.09  -95.6756  4.32452  2.25185e-06  0  0  0  0  0  2766.4  0  0
82  8150.09  -95.8258  4.17444  3.21634e-06  0  0  0  0  0  2721.6  0  0
83  8250.09  -95.9741  4.02596  4.50767e-06  0  0  0  0  0  2676.8  0  0
84  8350.09  -96.1206  3.8794  5.25944e-06  0  0  0  0  0  2620.8  0  0
85  8450.09  -96.2653  3.73466  5.80843e-06  0  0  0  0  0  2542.4  0  0
86  8550.09  -96.4084  3.59158  6.40722e-06  0  0  0  0  0  2688  0  0
87  8650.09  -96.5498  3.45018  7.05969e-06  0  0  0  0  0  2676.8  0  0
88  8750.09  -96.6896  3.31044  7.76995e-06  0  0  0  0  0  2643.2  0  0
89  8850.09  -96.8278  3.17224  8.54234e-06  0  0  0  0  0  2531.2  0  0
90  8950.09  -96.9644  3.03562  9.44275e-06  0  0  0  0  0  2564.8  0  0
91  9050.09  -97.0995  2.90048  1.21244e-05  0  0  0  0  0  2475.2  0  0
92  9150.09  -97.2331  2.76682  1.64765e-05  0  0  0  0  0  2452.8  0  0
93  9250.09  -97.3653  2.63468  2.23164e-05  0  0  0  0  0  2094.4  0  0
94  9350.09  -97.4961  2.50392  3.01278e-05  0  0  0  0  0  1971.2  0  0
95  9450.09  -97.6254  2.37458  4.05436e-05  0  0  0  0  0  1825.6  0  0
96  9550.09  -97.7534  2.24654  5.43903e-05  0  0  0  0  0  1680  0  0
97  9650.09  -97.8801  2.11988  7.27435e-05  0  0  0  0  0  1187.2  0  0
98  9750.09  -98.0055  1.99452  9.72856e-05  0  0  0  0  0  996.8  0  0
99  9850.09  -98.1296  1.87046  0.000131492  0  0  0  0  0  694.4  0  0
100  9950.09  -98.2524  1.74762  0.000177487  0  0  0  0  0  369.6  0  0
101  10050.1  -98.374  1.62598  0.000238851  0  0  0  0  0  190.4  0  0
102  10150.1  -98.4944  1.50562  0.000320489  0  0  0  0  0  100.8  0  0
103  10250.1  -98.6136  1.38638  0.000428796  0  0  0  0  0  22.4  0  0
104  10350.1  -98.7317  1.26834  0.00057208  0  0  0  0  0  0  0  0
105  10450.1  -98.8486  1.15142  0.000761135  0  0  0  0  0  0  0  0
106  10550.1  -98.9644  1.03556  0.00100852  0  0  0  0  0  0  0  0
107  10650.1  -99.0791  0.92086  0.00127377  0  0  0  0  0  0  0  0
108  10750.1  -99.1928  0.8072  0.00157226  0  0  0  0  0  0  0  0
109  10850.1  -99.3054  0.69462  0.00193693  0  0  0  0  0  0  0  0
110  10950.1  -99.4169  0.58308  0.00238162  0  0  0  0  0  0  0  0
111  11050.1  -99.5275  0.47252  0.0029229  0  0  0  0  0  0  0  0
112  11150.1  -99.637  0.36296  0.00358061  0  0  0  0  0  0  0  0
113  11250.1  -99.7456  0.2544  0.00437835  0  0  0  0  0  0  0  0
114  11350.1  -99.8532  0.14676  0.00534432  0  0  0  0  0  0  0  0
115  11450.1  -99.9599  0.04012  0.0065106  0  0  0  0  0  0  0  0
116  11550.1  -100.066  -0.06564  0.0077876  0  0  0  0  0  0  0  0
117  11650.1  -100.17  -0.17044  0.00920937  0  0  0  0  0  0  0  0
118  11750.1  -100.274  -0.27442  0.0108752  0  0  0  0  0  0  0  0
119  11850.1  -100.377  -0.37744  0.0128241  0  0  0  0  0  0  0  0
120  11950.1  -100.48  -0.4796  0.0151014  0  0  0  0  0  0  0  0
121  12050.1  -100.581  -0.58098  0.017759  0  0  0  0  0  0  0  0
122  12150.1  -100.681  -0.68138  0.0208562  0  0  0  0  0  0  0  0
123  12250.1  -100.781  -0.781  0.0244614  0  0  0  0  0  0  0  0
124  12350.1  -100.88  -0.88002  0.0286527  0  0  0  0  0  0  0  0
125  12450.1  -100.978  -0.9781  0.0334612  0  0  0  0  0  0  0  0
126  12550.1  -101.075  -1.07536  0.037865  0  0  0  0  0  0  0  0
127  12650.1  -101.172  -1.17188  0.0423455  0  0  0  0  0  0  0  0
128  12750.1  -101.268  -1.26762  0.0473144  0  0  0  0  0  0  0  0
129  12850.1  -101.363  -1.36264  0.0528206  0  0  0  0  0  0  0  0
130  12950.1  -101.457  -1.4569  0.0589172  0  0  0  0  0  0  0  0
131  13050.1  -101.55  -1.55042  0.0656623  0  0  0  0  0  0  0  0
132  13150.1  -101.643  -1.6433  0.073119  0  0  0  0  0  0  0  0
133  13250.1  -101.735  -1.73538  0.0813565  0  0  0  0  0  0  0  0
134  13350.1  -101.827  -1.82682  0.090449  0  0  0  0  0  0  0  0
135  13450.1  -101.918  -1.91756  0.100479  0  0  0  0  0  0  0  0
136  13550.1  -102.008  -2.00764  0.11088  0  0  0  0  0  0  0  0
137  13650.1  -102.097  -2.09704  0.119293  0  0  0  0  0  0  0  0
138  13750.1  -102.186  -2.1858  0.127922  0  0  0  0  0  0  0  0
139  13850.1  -102.274  -2.27394  0.137105  0  0  0  0  0  0  0  0
140  13905.1  -102.322  -2.3222  0.142381  0  0  0  0  0  0  0  0
141  0  0  0  0  0  0  0  0  0  0  0  0
142  0  0  0  0  0  0  0  0  0  0  0  0
143  0  0  0  0  0  0  0  0  0  0  0  0
144  0  0  0  0  0  0  0  0  0  0  0  0
145  0  0  0  0  0  0  0  0  0  0  0  0
146  0  0  0  0  0  0  0  0  0  0  0  0
147  0  0  0  0  0  0  0  0  0  0  0  0
148  0  0  0  0  0  0  0  0  0  0  0  0
149  0  0  0  0  0  0  0  0  0  0  0  0