time     dist    RSSI    SNR     BER     org     rt      dev     drp     rat% r_
kbps     tot_kbps        bw_util
0  0  0  0  0  0  0  0  0  0  0  0  0
1  53.2002  -32.574  67.426  1e-08  0  0  0  0  0  22523.2  0  0
2  150.37  -47.043  52.9571  1e-08  0  0  0  0  0  23408  0  0
3  250.255  -53.3862  46.6137  1e-08  0  0  0  0  0  23408  0  0
4  350.206  -57.5128  42.4871  1e-08  0  0  0  0  0  23430.4  0  0
5  450.174  -60.5829  39.417  1e-08  0  0  0  0  0  23419.2  0  0
6  550.149  -63.03  36.9701  1e-08  0  0  0  0  0  23430.4  0  0
7  650.153  -65.0657  34.9343  1e-08  0  0  0  0  0  23430.4  0  0
8  750.138  -66.8082  33.1918  1e-08  0  0  0  0  0  23419.2  0  0
9  850.124  -68.3318  31.6683  1e-08  0  0  0  0  0  23430.4  0  0
10  950.131  -69.6856  30.3144  1e-08  0  0  0  0  0  23430.4  0  0
11  1050.12  -70.9034  29.0965  1e-08  0  0  0  0  0  23408  0  0
12  1150.11  -72.0102  27.9898  1e-08  0  0  0  0  0  23430.4  0  0
13  1250.12  -73.0247  26.9753  1e-08  0  0  0  0  0  23430.4  0  0
14  1350.12  -73.9609  26.0392  1e-08  0  0  0  0  0  23408  0  0
15  1450.11  -74.83  25.17  1e-08  0  0  0  0  0  23430.4  0  0
16  1550.12  -75.6414  24.3586  1e-08  0  0  0  0  0  23419.2  0  0
17  1650.11  -76.4018  23.5982  1e-08  0  0  0  0  0  23419.2  0  0
18  1750.1  -77.1174  22.8826  1e-08  0  0  0  0  0  23430.4  0  0
19  1850.11  -77.7934  22.2066  1.06749e-08  0  0  0  0  0  23430.4  0  0
20  1950.11  -78.4336  21.5664  1.24924e-07  0  0  0  0  0  23385.6  0  0
21  2050.1  -79.0418  20.9581  1.45647e-06  0  0  0  0  0  22937.6  0  0
22  2150.11  -79.6211  20.379  4.23373e-06  0  0  0  0  0  22209.6  0  0
23  2250.11  -80.174  19.8261  1.8531e-05  0  0  0  0  0  18793.6  0  0
24  2350.09  -80.7028  19.2973  0.000146953  0  0  0  0  0  5118.4  0  0
25  2450.11  -81.2096  18.7903  0.000752713  0  0  0  0  0  11.2  0  0
26  2550.1  -81.6961  18.3039  0.00272298  0  0  0  0  0  0  0  0
27  2650.09  -82.1639  17.8361  0.00783746  0  0  0  0  0  0  0  0
28  2750.11  -82.6144  17.3857  0.0175036  0  0  0  0  0  0  0  0
29  2850.1  -83.0487  16.9512  0.0350406  0  0  0  0  0  0  0  0
30  2950.09  -83.4681  16.5319  0.0536572  0  0  0  0  0  0  0  0
31  3050.1  -83.8736  16.1264  0.0791419  0  0  0  0  0  0  0  0
32  3150.11  -84.2659  15.7341  0.105036  0  0  0  0  0  0  0  0
33  3250.11  -84.646  15.354  0.132386  0  0  0  0  0  0  0  0
34  3350.11  -85.0145  14.9856  0.164443  0  0  0  0  0  0  0  0
35  3450.11  -85.3722  14.6279  0.195837  0  0  0  0  0  0  0  0
36  3550.11  -85.7197  14.2804  0.230979  0  0  0  0  0  0  0  0
37  3650.11  -86.0575  13.9425  0.266097  0  0  0  0  0  0  0  0
38  3750.11  -86.3862  13.6138  0.288431  0  0  0  0  0  0  0  0
39  3850.11  -86.7062  13.2938  0.310708  0  0  0  0  0  0  0  0
40  3950.11  -87.018  12.982  0.331258  0  0  0  0  0  0  0  0
41  4050.11  -87.3221  12.678  0.339042  0  0  0  0  0  0  0  0
42  4150.11  -87.6187  12.3813  0.345082  0  0  0  0  0  0  0  0
43  4250.11  -87.9082  12.0918  0.351162  0  0  0  0  0  0  0  0
44  4350.11  -88.191  11.809  0.36052  0  0  0  0  0  0  0  0
45  4450.11  -88.4674  11.5325  0.371662  0  0  0  0  0  0  0  0
46  4550.11  -88.7377  11.2623  0.38289  0  0  0  0  0  0  0  0
47  4650.11  -89.002  10.998  0.394217  0  0  0  0  0  0  0  0
48  4750.11  -89.2608  10.7392  0.40572  0  0  0  0  0  0  0  0
49  4850.11  -89.5141  10.4858  0.417323  0  0  0  0  0  0  0  0
50  4950.11  -89.7623  10.2377  0.429012  0  0  0  0  0  0  0  0
51  5050.11  -90.0055  9.99449  0.439864  0  0  0  0  0  0  0  0
52  5150.11  -90.244  9.75602  0.445724  0  0  0  0  0  0  0  0
53  5250.11  -90.4778  9.52214  0.450788  0  0  0  0  0  0  0  0
54  5350.11  -90.7073  9.29272  0.455811  0  0  0  0  0  0  0  0
55  5403.12  -90.8273  9.17263  0.45846  0  0  0  0  0  0  0  0
56  0  0  0  0  0  0  0  0  0  0  0  0
57  0  0  0  0  0  0  0  0  0  0  0  0
58  0  0  0  0  0  0  0  0  0  0  0  0
59  0  0  0  0  0  0  0  0  0  0  0  0