time     dist    RSSI    SNR     BER     org     rt      dev     drp     rat% r_
kbps     tot_kbps        bw_util
0  0  0  0  0  0  0  0  0  0  0  0  0
1  52.9306  -32.4593  67.5406  1e-08  0  0  0  0  0  5420.8  0  0
2  150.361  -47.0422  52.9578  1e-08  0  0  0  0  0  5600  0  0
3  250.245  -53.3858  46.6142  1e-08  0  0  0  0  0  5600  0  0
4  350.195  -57.5125  42.4875  1e-08  0  0  0  0  0  5600  0  0
5  450.17  -60.5828  39.4171  1e-08  0  0  0  0  0  5600  0  0
6  550.153  -63.03  36.97  1e-08  0  0  0  0  0  5600  0  0
7  650.141  -65.0655  34.9345  1e-08  0  0  0  0  0  5600  0  0
8  750.133  -66.8082  33.1919  1e-08  0  0  0  0  0  5600  0  0
9  850.128  -68.3318  31.6682  1e-08  0  0  0  0  0  5600  0  0
10  950.12  -69.6855  30.3145  1e-08  0  0  0  0  0  5600  0  0
11  1050.12  -70.9034  29.0966  1e-08  0  0  0  0  0  5600  0  0
12  1150.11  -72.0102  27.9898  1e-08  0  0  0  0  0  5600  0  0
13  1250.11  -73.0246  26.9754  1e-08  0  0  0  0  0  5600  0  0
14  1350.11  -73.9608  26.0392  1e-08  0  0  0  0  0  5600  0  0
15  1450.11  -74.8301  25.17  1e-08  0  0  0  0  0  5600  0  0
16  1550.11  -75.6413  24.3587  1e-08  0  0  0  0  0  5600  0  0
17  1650.1  -76.4018  23.5983  1e-08  0  0  0  0  0  5600  0  0
18  1750.1  -77.1174  22.8826  1e-08  0  0  0  0  0  5600  0  0
19  1850.1  -77.7933  22.2067  1e-08  0  0  0  0  0  5600  0  0
20  1950.1  -78.4336  21.5664  1e-08  0  0  0  0  0  5600  0  0
21  2050.1  -79.0418  20.9581  1e-08  0  0  0  0  0  5600  0  0
22  2150.1  -79.621  20.3791  1e-08  0  0  0  0  0  5600  0  0
23  2250.1  -80.1739  19.8261  1e-08  0  0  0  0  0  5600  0  0
24  2350.1  -80.7028  19.2973  1e-08  0  0  0  0  0  5600  0  0
25  2450.1  -81.2096  18.7904  1e-08  0  0  0  0  0  5600  0  0
26  2550.1  -81.6961  18.3039  1e-08  0  0  0  0  0  5600  0  0
27  2650.1  -82.1639  17.8361  1e-08  0  0  0  0  0  5600  0  0
28  2750.1  -82.6144  17.3857  1e-08  0  0  0  0  0  5600  0  0
29  2850.1  -83.0487  16.9512  1e-08  0  0  0  0  0  5600  0  0
30  2950.09  -83.4681  16.5319  1e-08  0  0  0  0  0  5600  0  0
31  3050.09  -83.8735  16.1265  1e-08  0  0  0  0  0  5600  0  0
32  3150.09  -84.2658  15.7342  1e-08  0  0  0  0  0  5600  0  0
33  3250.09  -84.6459  15.3541  1e-08  0  0  0  0  0  5600  0  0
34  3350.09  -85.0144  14.9856  1e-08  0  0  0  0  0  5588.8  0  0
35  3450.09  -85.3721  14.6279  1e-08  0  0  0  0  0  5600  0  0
36  3550.09  -85.7196  14.2804  1e-08  0  0  0  0  0  5600  0  0
37  3650.09  -86.0574  13.9426  1e-08  0  0  0  0  0  5600  0  0
38  3750.09  -86.3861  13.6139  1e-08  0  0  0  0  0  5600  0  0
39  3850.09  -86.7061  13.2939  1e-08  0  0  0  0  0  5600  0  0
40  3950.09  -87.018  12.982  1e-08  0  0  0  0  0  5600  0  0
41  4050.09  -87.322  12.6781  1e-08  0  0  0  0  0  5600  0  0
42  4150.09  -87.6186  12.3813  1e-08  0  0  0  0  0  5600  0  0
43  4250.09  -87.9082  12.0919  1e-08  0  0  0  0  0  5600  0  0
44  4350.09  -88.191  11.8091  1e-08  0  0  0  0  0  5588.8  0  0
45  4450.09  -88.4674  11.5326  1e-08  0  0  0  0  0  5600  0  0
46  4550.09  -88.7376  11.2624  1e-08  0  0  0  0  0  5600  0  0
47  4650.09  -89.002  10.998  1e-08  0  0  0  0  0  5600  0  0
48  4750.09  -89.2607  10.7393  1e-08  0  0  0  0  0  5600  0  0
49  4850.09  -89.5141  10.4858  1e-08  0  0  0  0  0  5600  0  0
50  4950.09  -89.7623  10.2378  1e-08  0  0  0  0  0  5588.8  0  0
51  5050.09  -90.0055  9.99454  1.17095e-08  0  0  0  0  0  5600  0  0
52  5150.09  -90.2439  9.75606  2.98158e-08  0  0  0  0  0  5600  0  0
53  5250.09  -90.4778  9.52218  8.14506e-08  0  0  0  0  0  5600  0  0
54  5350.09  -90.7072  9.29276  2.18339e-07  0  0  0  0  0  5588.8  0  0
55  5450.09  -90.9324  9.06756  5.68786e-07  0  0  0  0  0  5577.6  0  0
56  5550.09  -91.1535  8.84646  1.12123e-06  0  0  0  0  0  5510.4  0  0
57  5650.09  -91.3707  8.62928  1.97856e-06  0  0  0  0  0  5499.2  0  0
58  5750.09  -91.584  8.41596  3.45689e-06  0  0  0  0  0  5387.2  0  0
59  5850.09  -91.7937  8.20626  5.98203e-06  0  0  0  0  0  5140.8  0  0
60  5950.09  -91.9998  8.00016  1.0081e-05  0  0  0  0  0  5096  0  0
61  6050.09  -92.2025  7.7974  1.5431e-05  0  0  0  0  0  4793.6  0  0
62  6150.09  -92.4018  7.59812  2.31657e-05  0  0  0  0  0  4312  0  0
63  6250.09  -92.598  7.40202  3.45506e-05  0  0  0  0  0  3897.6  0  0
64  6350.09  -92.791  7.20898  5.12047e-05  0  0  0  0  0  3248  0  0
65  6450.09  -92.981  7.019  7.55881e-05  0  0  0  0  0  2296  0  0
66  6550.09  -93.1681  6.8319  0.000112919  0  0  0  0  0  1500.8  0  0
67  6650.09  -93.3523  6.64762  0.000168299  0  0  0  0  0  828.8  0  0
68  6750.09  -93.5338  6.46618  0.00024935  0  0  0  0  0  280  0  0
69  6850.09  -93.7127  6.28734  0.000367308  0  0  0  0  0  78.4  0  0
70  6950.09  -93.8889  6.11106  0.000538043  0  0  0  0  0  0  0  0
71  7050.09  -94.0626  5.93734  0.000767616  0  0  0  0  0  0  0  0
72  7150.09  -94.2339  5.76612  0.00105659  0  0  0  0  0  0  0  0
73  7250.09  -94.4028  5.59718  0.00144732  0  0  0  0  0  0  0  0
74  7350.09  -94.5694  5.43062  0.00197399  0  0  0  0  0  0  0  0
75  7450.09  -94.7337  5.26624  0.00268108  0  0  0  0  0  0  0  0
76  7550.09  -94.8959  5.10416  0.00362663  0  0  0  0  0  0  0  0
77  7650.09  -95.0559  4.94414  0.004857  0  0  0  0  0  0  0  0
78  7750.09  -95.2138  4.7862  0.00641971  0  0  0  0  0  0  0  0
79  7850.09  -95.3697  4.6303  0.0084537  0  0  0  0  0  0  0  0
80  7950.09  -95.5236  4.47638  0.0110934  0  0  0  0  0  0  0  0
81  8050.09  -95.6756  4.32452  0.014508  0  0  0  0  0  0  0  0
82  8150.09  -95.8258  4.17444  0.0189109  0  0  0  0  0  0  0  0
83  8250.09  -95.9741  4.02596  0.0245091  0  0  0  0  0  0  0  0
84  8350.09  -96.1206  3.8794  0.030687  0  0  0  0  0  0  0  0
85  8450.09  -96.2653  3.73466  0.0379697  0  0  0  0  0  0  0  0
86  8550.09  -96.4084  3.59158  0.046863  0  0  0  0  0  0  0  0
87  8650.09  -96.5498  3.45018  0.0576981  0  0  0  0  0  0  0  0
88  8750.09  -96.6896  3.31044  0.070869  0  0  0  0  0  0  0  0
89  8850.09  -96.8278  3.17224  0.086843  0  0  0  0  0  0  0  0
90  8950.09  -96.9644  3.03562  0.105859  0  0  0  0  0  0  0  0
91  9050.09  -97.0995  2.90048  0.120408  0  0  0  0  0  0  0  0
92  9150.09  -97.2331  2.76682  0.133102  0  0  0  0  0  0  0  0
93  9250.09  -97.3653  2.63468  0.146974  0  0  0  0  0  0  0  0
94  9350.09  -97.4961  2.50392  0.162119  0  0  0  0  0  0  0  0
95  9450.09  -97.6254  2.37458  0.178639  0  0  0  0  0  0  0  0
96  9550.09  -97.7534  2.24654  0.19664  0  0  0  0  0  0  0  0
97  9650.09  -97.8801  2.11988  0.21624  0  0  0  0  0  0  0  0
98  9750.09  -98.0055  1.99452  0.235775  0  0  0  0  0  0  0  0
99  9850.09  -98.1296  1.87046  0.247528  0  0  0  0  0  0  0  0
100  9950.09  -98.2524  1.74762  0.258438  0  0  0  0  0  0  0  0
101  10050.1  -98.374  1.62598  0.269713  0  0  0  0  0  0  0  0
102  10150.1  -98.4944  1.50562  0.28136  0  0  0  0  0  0  0  0
103  10250.1  -98.6136  1.38638  0.293389  0  0  0  0  0  0  0  0
104  10350.1  -98.7317  1.26834  0.305808  0  0  0  0  0  0  0  0
105  10404.1  -98.795  1.20525  0.312663  0  0  0  0  0  0  0  0
106  0  0  0  0  0  0  0  0  0  0  0  0
107  0  0  0  0  0  0  0  0  0  0  0  0
108  0  0  0  0  0  0  0  0  0  0  0  0
109  0  0  0  0  0  0  0  0  0  0  0  0