time     dist    RSSI    SNR     BER     org     rt      dev     drp     rat% r_
kbps     tot_kbps        bw_util
0  0  0  0  0  0  0  0  0  0  0  0  0
1  53.1096  -32.5298  67.4701  1e-08  0  0  0  0  0  8523.2  0  0
2  150.447  -47.0496  52.9504  1e-08  0  0  0  0  0  8825.6  0  0
3  250.331  -53.3901  46.6099  1e-08  0  0  0  0  0  8825.6  0  0
4  350.287  -57.5157  42.4842  1e-08  0  0  0  0  0  8859.2  0  0
5  450.237  -60.5846  39.4153  1e-08  0  0  0  0  0  8836.8  0  0
6  550.198  -63.031  36.969  1e-08  0  0  0  0  0  8848  0  0
7  650.231  -65.0672  34.9328  1e-08  0  0  0  0  0  8859.2  0  0
8  750.2  -66.8093  33.1908  1e-08  0  0  0  0  0  8836.8  0  0
9  850.173  -68.3325  31.6676  1e-08  0  0  0  0  0  8848  0  0
10  950.209  -69.6866  30.3133  1e-08  0  0  0  0  0  8859.2  0  0
11  1050.19  -70.9042  29.0958  1e-08  0  0  0  0  0  8836.8  0  0
12  1150.16  -72.0107  27.9893  1e-08  0  0  0  0  0  8848  0  0
13  1250.2  -73.0255  26.9745  1e-08  0  0  0  0  0  8859.2  0  0
14  1350.18  -73.9615  26.0386  1e-08  0  0  0  0  0  8836.8  0  0
15  1450.15  -74.8305  25.1696  1e-08  0  0  0  0  0  8848  0  0
16  1550.2  -75.642  24.358  1e-08  0  0  0  0  0  8859.2  0  0
17  1650.17  -76.4023  23.5978  1e-08  0  0  0  0  0  8836.8  0  0
18  1750.15  -77.1177  22.8823  1e-08  0  0  0  0  0  8848  0  0
19  1850.19  -77.7939  22.2061  1e-08  0  0  0  0  0  8859.2  0  0
20  1950.17  -78.434  21.566  1e-08  0  0  0  0  0  8836.8  0  0
21  2050.15  -79.042  20.9579  1e-08  0  0  0  0  0  8848  0  0
22  2150.19  -79.6215  20.3786  1e-08  0  0  0  0  0  8859.2  0  0
23  2250.17  -80.1743  19.8257  1e-08  0  0  0  0  0  8836.8  0  0
24  2350.14  -80.703  19.297  1e-08  0  0  0  0  0  8848  0  0
25  2450.19  -81.21  18.7899  1e-08  0  0  0  0  0  8859.2  0  0
26  2550.17  -81.6964  18.3036  1e-08  0  0  0  0  0  8836.8  0  0
27  2650.14  -82.1641  17.8359  1e-08  0  0  0  0  0  8848  0  0
28  2750.19  -82.6147  17.3853  1e-08  0  0  0  0  0  8859.2  0  0
29  2850.16  -83.049  16.951  1e-08  0  0  0  0  0  8836.8  0  0
30  2950.14  -83.4683  16.5317  1e-08  0  0  0  0  0  8848  0  0
31  3050.18  -83.8739  16.1261  1e-08  0  0  0  0  0  8848  0  0
32  3150.2  -84.2663  15.7338  1e-08  0  0  0  0  0  8825.6  0  0
33  3250.2  -84.6463  15.3537  1e-08  0  0  0  0  0  8825.6  0  0
34  3350.2  -85.0148  14.9852  1e-08  0  0  0  0  0  8825.6  0  0
35  3450.2  -85.3725  14.6276  1e-08  0  0  0  0  0  8825.6  0  0
36  3550.14  -85.7198  14.2802  1e-08  0  0  0  0  0  8836.8  0  0
37  3650.14  -86.0576  13.9424  1.3134e-08  0  0  0  0  0  8848  0  0
38  3750.14  -86.3863  13.6137  3.62654e-08  0  0  0  0  0  8848  0  0
39  3850.14  -86.7063  13.2937  1.01364e-07  0  0  0  0  0  8836.8  0  0
40  3950.14  -87.0181  12.9819  2.5739e-07  0  0  0  0  0  8825.6  0  0
41  4050.14  -87.3222  12.6779  4.97308e-07  0  0  0  0  0  8792  0  0
42  4150.14  -87.6188  12.3812  9.22144e-07  0  0  0  0  0  8792  0  0
43  4250.14  -87.9083  12.0917  1.68046e-06  0  0  0  0  0  8724.8  0  0
44  4350.14  -88.1911  11.8089  2.76195e-06  0  0  0  0  0  8556.8  0  0
45  4450.14  -88.4675  11.5325  4.31824e-06  0  0  0  0  0  8276.8  0  0
46  4550.14  -88.7377  11.2623  6.68482e-06  0  0  0  0  0  8187.2  0  0
47  4650.14  -89.0021  10.9979  1.02944e-05  0  0  0  0  0  7840  0  0
48  4750.14  -89.2608  10.7391  1.60467e-05  0  0  0  0  0  7212.8  0  0
49  4850.14  -89.5142  10.4857  2.48556e-05  0  0  0  0  0  6484.8  0  0
50  4950.14  -89.7624  10.2377  3.81583e-05  0  0  0  0  0  5544  0  0
51  5050.14  -90.0056  9.99442  5.80038e-05  0  0  0  0  0  4715.2  0  0
52  5150.14  -90.244  9.75594  8.68988e-05  0  0  0  0  0  3483.2  0  0
53  5250.14  -90.4779  9.52206  0.000129074  0  0  0  0  0  2049.6  0  0
54  5350.14  -90.7073  9.29265  0.000190295  0  0  0  0  0  907.2  0  0
55  5450.14  -90.9325  9.06745  0.0002787  0  0  0  0  0  313.6  0  0
56  5550.14  -91.1536  8.84635  0.000412017  0  0  0  0  0  56  0  0
57  5650.14  -91.3708  8.62917  0.00060909  0  0  0  0  0  11.2  0  0
58  5750.14  -91.5841  8.41586  0.000894278  0  0  0  0  0  0  0  0
59  5850.14  -91.7938  8.20616  0.00130434  0  0  0  0  0  0  0  0
60  5950.14  -91.9999  8.00006  0.00187908  0  0  0  0  0  0  0  0
61  6050.14  -92.2026  7.7973  0.00260686  0  0  0  0  0  0  0  0
62  6150.14  -92.4019  7.59802  0.0035804  0  0  0  0  0  0  0  0
63  6250.14  -92.5981  7.40192  0.00489243  0  0  0  0  0  0  0  0
64  6350.1  -92.791  7.20896  0.00665138  0  0  0  0  0  0  0  0
65  6450.14  -92.9811  7.01891  0.00896743  0  0  0  0  0  0  0  0
66  6550.18  -93.1683  6.83173  0.0116571  0  0  0  0  0  0  0  0
67  6650.1  -93.3524  6.6476  0.0149833  0  0  0  0  0  0  0  0
68  6750.14  -93.5339  6.46609  0.0191924  0  0  0  0  0  0  0  0
69  6850.18  -93.7128  6.28718  0.0244944  0  0  0  0  0  0  0  0
70  6950.1  -93.8889  6.11104  0.031142  0  0  0  0  0  0  0  0
71  7050.14  -94.0627  5.93725  0.0388131  0  0  0  0  0  0  0  0
72  7150.18  -94.2341  5.76597  0.0469961  0  0  0  0  0  0  0  0
73  7250.1  -94.4028  5.59716  0.0567199  0  0  0  0  0  0  0  0
74  7350.14  -94.5695  5.43054  0.0682949  0  0  0  0  0  0  0  0
75  7450.18  -94.7339  5.26609  0.0820259  0  0  0  0  0  0  0  0
76  7550.1  -94.8959  5.10414  0.0982561  0  0  0  0  0  0  0  0
77  7650.14  -95.0559  4.94406  0.115288  0  0  0  0  0  0  0  0
78  7750.18  -95.2139  4.78606  0.130965  0  0  0  0  0  0  0  0
79  7850.1  -95.3697  4.63028  0.148433  0  0  0  0  0  0  0  0
80  7950.14  -95.5237  4.4763  0.167989  0  0  0  0  0  0  0  0
81  8050.18  -95.6758  4.32438  0.189829  0  0  0  0  0  0  0  0
82  8150.1  -95.8258  4.17443  0.214153  0  0  0  0  0  0  0  0
83  8250.14  -95.9741  4.02589  0.240433  0  0  0  0  0  0  0  0
84  8350.18  -96.1207  3.87927  0.257507  0  0  0  0  0  0  0  0
85  8404.14  -96.1991  3.80094  0.265077  0  0  0  0  0  0  0  0
86  0  0  0  0  0  0  0  0  0  0  0  0
87  0  0  0  0  0  0  0  0  0  0  0  0
88  0  0  0  0  0  0  0  0  0  0  0  0
89  0  0  0  0  0  0  0  0  0  0  0  0