time     dist    RSSI    SNR     BER     org     rt      dev     drp     rat% r_
kbps     tot_kbps        bw_util
0  0  0  0  0  0  0  0  0  0  0  0  0
1  53.2084  -32.5758  67.4242  1e-08  0  0  0  0  0  25636.8  0  0
2  150.398  -47.0453  52.9547  1e-08  0  0  0  0  0  26633.6  0  0
3  250.282  -53.3876  46.6124  1e-08  0  0  0  0  0  26633.6  0  0
4  350.236  -57.5139  42.4861  1e-08  0  0  0  0  0  26689.6  0  0
5  450.196  -60.5835  39.4164  1e-08  0  0  0  0  0  26656  0  0
6  550.164  -63.0303  36.9697  1e-08  0  0  0  0  0  26678.4  0  0
7  650.181  -65.0662  34.9338  1e-08  0  0  0  0  0  26689.6  0  0
8  750.159  -66.8086  33.1915  1e-08  0  0  0  0  0  26656  0  0
9  850.14  -68.332  31.6681  1e-08  0  0  0  0  0  26678.4  0  0
10  950.16  -69.686  30.314  1e-08  0  0  0  0  0  26689.6  0  0
11  1050.15  -70.9037  29.0963  1e-08  0  0  0  0  0  26656  0  0
12  1150.13  -72.0103  27.9896  1e-08  0  0  0  0  0  26678.4  0  0
13  1250.15  -73.025  26.975  1e-08  0  0  0  0  0  26678.4  0  0
14  1350.14  -73.9611  26.039  1e-08  0  0  0  0  0  26644.8  0  0
15  1450.12  -74.8302  25.1699  1.12564e-08  0  0  0  0  0  26678.4  0  0
16  1550.15  -75.6416  24.3584  6.80284e-08  0  0  0  0  0  26678.4  0  0
17  1650.13  -76.4019  23.5981  3.88444e-07  0  0  0  0  0  26588.8  0  0
18  1750.11  -77.1175  22.8825  1.66122e-06  0  0  0  0  0  25984  0  0
19  1850.14  -77.7935  22.2064  5.99402e-06  0  0  0  0  0  24808  0  0
20  1950.13  -78.4337  21.5662  3.24075e-05  0  0  0  0  0  18860.8  0  0
21  2050.11  -79.0418  20.9581  0.000183648  0  0  0  0  0  4872  0  0
22  2150.14  -79.6213  20.3788  0.000940626  0  0  0  0  0  44.8  0  0
23  2250.13  -80.1741  19.8259  0.00362811  0  0  0  0  0  0  0  0
24  2350.11  -80.7028  19.2972  0.0101866  0  0  0  0  0  0  0  0
25  2450.14  -81.2098  18.7902  0.0216533  0  0  0  0  0  0  0  0
26  2550.13  -81.6962  18.3038  0.035054  0  0  0  0  0  0  0  0
27  2650.11  -82.1639  17.8361  0.0573326  0  0  0  0  0  0  0  0
28  2750.14  -82.6145  17.3855  0.0961068  0  0  0  0  0  0  0  0
29  2850.12  -83.0488  16.9511  0.149147  0  0  0  0  0  0  0  0
30  2950.1  -83.4682  16.5318  0.186733  0  0  0  0  0  0  0  0
31  3050.13  -83.8737  16.1263  0.227556  0  0  0  0  0  0  0  0
32  3150.14  -84.266  15.734  0.261338  0  0  0  0  0  0  0  0
33  3250.14  -84.6461  15.3539  0.291282  0  0  0  0  0  0  0  0
34  3350.14  -85.0146  14.9854  0.321798  0  0  0  0  0  0  0  0
35  3450.14  -85.3723  14.6278  0.344943  0  0  0  0  0  0  0  0
36  3550.13  -85.7197  14.2803  0.367653  0  0  0  0  0  0  0  0
37  3650.13  -86.0575  13.9425  0.388428  0  0  0  0  0  0  0  0
38  3750.13  -86.3862  13.6138  0.400942  0  0  0  0  0  0  0  0
39  3850.13  -86.7062  13.2938  0.412862  0  0  0  0  0  0  0  0
40  3950.13  -87.0181  12.9819  0.4251  0  0  0  0  0  0  0  0
41  4050.13  -87.3221  12.678  0.438751  0  0  0  0  0  0  0  0
42  4150.13  -87.6187  12.3812  0.452672  0  0  0  0  0  0  0  0
43  4250.13  -87.9083  12.0918  0.466427  0  0  0  0  0  0  0  0
44  4350.13  -88.1911  11.809  0.469777  0  0  0  0  0  0  0  0
45  4450.13  -88.4675  11.5325  0.467727  0  0  0  0  0  0  0  0
46  4550.13  -88.7377  11.2623  0.46573  0  0  0  0  0  0  0  0
47  4650.13  -89.0021  10.9979  0.46419  0  0  0  0  0  0  0  0
48  4750.13  -89.2608  10.7392  0.465021  0  0  0  0  0  0  0  0
49  4850.13  -89.5142  10.4857  0.466211  0  0  0  0  0  0  0  0
50  4903.13  -89.6465  10.3536  0.466833  0  0  0  0  0  0  0  0
51  0  0  0  0  0  0  0  0  0  0  0  0
52  0  0  0  0  0  0  0  0  0  0  0  0
53  0  0  0  0  0  0  0  0  0  0  0  0
54  0  0  0  0  0  0  0  0  0  0  0  0
55  0  0  0  0  0  0  0  0  0  0  0  0
56  0  0  0  0  0  0  0  0  0  0  0  0
57  0  0  0  0  0  0  0  0  0  0  0  0
58  0  0  0  0  0  0  0  0  0  0  0  0
59  0  0  0  0  0  0  0  0  0  0  0  0