time     dist    RSSI    SNR     BER     org     rt      dev     drp     rat% r_
kbps     tot_kbps        bw_util
0  0  0  0  0  0  0  0  0  0  0  0  0
1  53.2325  -32.5933  64.3964  1e-08  0  0  0  0  0  52606.4  0  0
2  150.325  -47.0391  49.9506  1e-08  0  0  0  0  0  54768  0  0
3  250.208  -53.384  43.6057  1e-08  0  0  0  0  0  54768  0  0
4  350.16  -57.5112  39.4784  1e-08  0  0  0  0  0  54779.2  0  0
5  450.132  -60.5817  36.408  1e-08  0  0  0  0  0  54768  0  0
6  550.111  -63.0291  33.9605  1e-08  0  0  0  0  0  54790.4  0  0
7  650.106  -65.0648  31.9248  1e-08  0  0  0  0  0  54756.8  0  0
8  750.097  -66.8076  30.1821  1e-08  0  0  0  0  0  54779.2  0  0
9  850.084  -68.3312  28.6585  1e-08  0  0  0  0  0  54790.4  0  0
10  950.089  -69.685  27.3047  1e-08  0  0  0  0  0  54756.8  0  0
11  1050.08  -70.9029  26.0868  1e-08  0  0  0  0  0  54779.2  0  0
12  1150.07  -72.0098  24.9799  1.67137e-08  0  0  0  0  0  54756.8  0  0
13  1250.08  -73.0243  23.9655  1.86818e-07  0  0  0  0  0  54656  0  0
14  1350.07  -73.9605  23.0292  1.30714e-06  0  0  0  0  0  54006.4  0  0
15  1450.06  -74.8297  22.16  7.1647e-06  0  0  0  0  0  50232  0  0
16  1550.07  -75.641  21.3486  6.53095e-05  0  0  0  0  0  28459.2  0  0
17  1650.07  -76.4015  20.5882  0.000557269  0  0  0  0  0  1646.4  0  0
18  1750.06  -77.1171  19.8726  0.00337269  0  0  0  0  0  0  0  0
19  1850.07  -77.7931  19.1966  0.0124652  0  0  0  0  0  0  0  0
20  1950.07  -78.4333  18.5564  0.0274813  0  0  0  0  0  0  0  0
21  2050.06  -79.0415  17.9481  0.0510794  0  0  0  0  0  0  0  0
22  2150.06  -79.6208  17.3689  0.0986277  0  0  0  0  0  0  0  0
23  2250.06  -80.1737  16.816  0.16194  0  0  0  0  0  0  0  0
24  2350.05  -80.7026  16.2871  0.210803  0  0  0  0  0  0  0  0
25  2450.06  -81.2094  15.7802  0.257944  0  0  0  0  0  0  0  0
26  2550.06  -81.6959  15.2938  0.296413  0  0  0  0  0  0  0  0
27  2650.05  -82.1637  14.8261  0.332539  0  0  0  0  0  0  0  0
28  2750.06  -82.6142  14.3755  0.361323  0  0  0  0  0  0  0  0
29  2850.06  -83.0486  13.9411  0.388132  0  0  0  0  0  0  0  0
30  2950.05  -83.4679  13.5218  0.404343  0  0  0  0  0  0  0  0
31  3050.06  -83.8734  13.1164  0.419681  0  0  0  0  0  0  0  0
32  3150.06  -84.2657  12.724  0.436639  0  0  0  0  0  0  0  0
33  3250.06  -84.6458  12.3439  0.454468  0  0  0  0  0  0  0  0
34  3350.06  -85.0143  11.9754  0.46909  0  0  0  0  0  0  0  0
35  3450.06  -85.372  11.6178  0.468358  0  0  0  0  0  0  0  0
36  3550.07  -85.7195  11.2702  0.465788  0  0  0  0  0  0  0  0
37  3650.07  -86.0573  10.9323  0.464294  0  0  0  0  0  0  0  0
38  3750.07  -86.386  10.6037  0.465657  0  0  0  0  0  0  0  0
39  3850.07  -86.7061  10.2836  0.467162  0  0  0  0  0  0  0  0
40  3950.07  -87.0179  9.97181  0.46842  0  0  0  0  0  0  0  0
41  4050.07  -87.3219  9.66789  0.468753  0  0  0  0  0  0  0  0
42  4150.07  -87.6185  9.37117  0.46898  0  0  0  0  0  0  0  0
43  4250.07  -87.9081  9.08159  0.4692  0  0  0  0  0  0  0  0
44  4350.07  -88.1909  8.79877  0.469416  0  0  0  0  0  0  0  0
45  4403.07  -88.3384  8.65129  0.469529  0  0  0  0  0  0  0  0
46  0  0  0  0  0  0  0  0  0  0  0  0
47  0  0  0  0  0  0  0  0  0  0  0  0
48  0  0  0  0  0  0  0  0  0  0  0  0
49  0  0  0  0  0  0  0  0  0  0  0  0
50  0  0  0  0  0  0  0  0  0  0  0  0
51  0  0  0  0  0  0  0  0  0  0  0  0
52  0  0  0  0  0  0  0  0  0  0  0  0
53  0  0  0  0  0  0  0  0  0  0  0  0
54  0  0  0  0  0  0  0  0  0  0  0  0
55  0  0  0  0  0  0  0  0  0  0  0  0
56  0  0  0  0  0  0  0  0  0  0  0  0
57  0  0  0  0  0  0  0  0  0  0  0  0
58  0  0  0  0  0  0  0  0  0  0  0  0
59  0  0  0  0  0  0  0  0  0  0  0  0