time     dist    RSSI    SNR     BER     org     rt      dev     drp     rat% r_
kbps     tot_kbps        bw_util
0  0  0  0  0  0  0  0  0  0  0  0  0
1  53.2299  -32.5921  64.3975  1e-08  0  0  0  0  0  46692.8  0  0
2  150.326  -47.0392  49.9505  1e-08  0  0  0  0  0  48608  0  0
3  250.209  -53.384  43.6057  1e-08  0  0  0  0  0  48608  0  0
4  350.161  -57.5113  39.4784  1e-08  0  0  0  0  0  48630.4  0  0
5  450.132  -60.5817  36.408  1e-08  0  0  0  0  0  48619.2  0  0
6  550.111  -63.0291  33.9605  1e-08  0  0  0  0  0  48619.2  0  0
7  650.108  -65.0649  31.9248  1e-08  0  0  0  0  0  48619.2  0  0
8  750.097  -66.8076  30.1821  1e-08  0  0  0  0  0  48619.2  0  0
9  850.084  -68.3312  28.6585  1e-08  0  0  0  0  0  48630.4  0  0
10  950.09  -69.6851  27.3047  1e-08  0  0  0  0  0  48630.4  0  0
11  1050.08  -70.9029  26.0868  1e-08  0  0  0  0  0  48608  0  0
12  1150.07  -72.0098  24.9799  1e-08  0  0  0  0  0  48619.2  0  0
13  1250.08  -73.0243  23.9654  1e-08  0  0  0  0  0  48630.4  0  0
14  1350.07  -73.9605  23.0292  1e-08  0  0  0  0  0  48608  0  0
15  1450.06  -74.8297  22.16  1.31547e-08  0  0  0  0  0  48630.4  0  0
16  1550.07  -75.641  21.3486  4.42473e-07  0  0  0  0  0  48283.2  0  0
17  1650.07  -76.4015  20.5882  3.0577e-06  0  0  0  0  0  46681.6  0  0
18  1750.06  -77.1171  19.8726  1.7548e-05  0  0  0  0  0  38953.6  0  0
19  1850.07  -77.7931  19.1966  0.000232182  0  0  0  0  0  8478.4  0  0
20  1950.07  -78.4333  18.5564  0.00145877  0  0  0  0  0  0  0  0
21  2050.06  -79.0415  17.9481  0.00638016  0  0  0  0  0  0  0  0
22  2150.06  -79.6208  17.3688  0.0183276  0  0  0  0  0  0  0  0
23  2250.06  -80.1737  16.816  0.0407906  0  0  0  0  0  0  0  0
24  2350.05  -80.7026  16.2871  0.0682322  0  0  0  0  0  0  0  0
25  2450.06  -81.2094  15.7802  0.102245  0  0  0  0  0  0  0  0
26  2550.06  -81.6959  15.2938  0.137521  0  0  0  0  0  0  0  0
27  2650.05  -82.1637  14.8261  0.178305  0  0  0  0  0  0  0  0
28  2750.06  -82.6142  14.3755  0.22093  0  0  0  0  0  0  0  0
29  2850.06  -83.0486  13.9411  0.265613  0  0  0  0  0  0  0  0
30  2950.05  -83.4679  13.5218  0.294715  0  0  0  0  0  0  0  0
31  3050.06  -83.8734  13.1164  0.323346  0  0  0  0  0  0  0  0
32  3150.07  -84.2657  12.724  0.338117  0  0  0  0  0  0  0  0
33  3250.07  -84.6458  12.3439  0.345854  0  0  0  0  0  0  0  0
34  3350.07  -85.0143  11.9754  0.354583  0  0  0  0  0  0  0  0
35  3450.07  -85.372  11.6178  0.368204  0  0  0  0  0  0  0  0
36  3550.07  -85.7195  11.2702  0.382567  0  0  0  0  0  0  0  0
37  3650.07  -86.0573  10.9323  0.397107  0  0  0  0  0  0  0  0
38  3750.07  -86.386  10.6037  0.411896  0  0  0  0  0  0  0  0
39  3850.07  -86.706  10.2837  0.426832  0  0  0  0  0  0  0  0
40  3950.07  -87.0179  9.97183  0.440395  0  0  0  0  0  0  0  0
41  4050.07  -87.3219  9.66791  0.44763  0  0  0  0  0  0  0  0
42  4150.07  -87.6185  9.37119  0.454089  0  0  0  0  0  0  0  0
43  4250.07  -87.9081  9.08161  0.460344  0  0  0  0  0  0  0  0
44  4350.07  -88.1909  8.79879  0.462481  0  0  0  0  0  0  0  0
45  4450.07  -88.4673  8.52243  0.46273  0  0  0  0  0  0  0  0
46  4550.06  -88.7375  8.25218  0.462973  0  0  0  0  0  0  0  0
47  4650.06  -89.0019  7.98778  0.463212  0  0  0  0  0  0  0  0
48  4750.06  -89.2606  7.72906  0.463453  0  0  0  0  0  0  0  0
49  4850.06  -89.514  7.47568  0.463689  0  0  0  0  0  0  0  0
50  4903.07  -89.6464  7.34298  0.463812  0  0  0  0  0  0  0  0
51  0  0  0  0  0  0  0  0  0  0  0  0
52  0  0  0  0  0  0  0  0  0  0  0  0
53  0  0  0  0  0  0  0  0  0  0  0  0
54  0  0  0  0  0  0  0  0  0  0  0  0
55  0  0  0  0  0  0  0  0  0  0  0  0
56  0  0  0  0  0  0  0  0  0  0  0  0
57  0  0  0  0  0  0  0  0  0  0  0  0
58  0  0  0  0  0  0  0  0  0  0  0  0
59  0  0  0  0  0  0  0  0  0  0  0  0