time     dist    RSSI    SNR     BER     org     rt      dev     drp     rat% r_
kbps     tot_kbps        bw_util
0  0  0  0  0  0  0  0  0  0  0  0  0
1  53.2223  -32.5887  64.401  1e-08  0  0  0  0  0  34865.6  0  0
2  150.327  -47.0393  49.9504  1e-08  0  0  0  0  0  36288  0  0
3  250.211  -53.3841  43.6056  1e-08  0  0  0  0  0  36288  0  0
4  350.163  -57.5113  39.4783  1e-08  0  0  0  0  0  36310.4  0  0
5  450.133  -60.5818  36.408  1e-08  0  0  0  0  0  36299.2  0  0
6  550.11  -63.0291  33.9605  1e-08  0  0  0  0  0  36310.4  0  0
7  650.11  -65.0649  31.9248  1e-08  0  0  0  0  0  36310.4  0  0
8  750.098  -66.8076  30.1821  1e-08  0  0  0  0  0  36288  0  0
9  850.083  -68.3312  28.6585  1e-08  0  0  0  0  0  36310.4  0  0
10  950.092  -69.6851  27.3047  1e-08  0  0  0  0  0  36299.2  0  0
11  1050.08  -70.9029  26.0868  1e-08  0  0  0  0  0  36288  0  0
12  1150.07  -72.0098  24.9799  1e-08  0  0  0  0  0  36310.4  0  0
13  1250.08  -73.0243  23.9654  1e-08  0  0  0  0  0  36310.4  0  0
14  1350.07  -73.9605  23.0292  1e-08  0  0  0  0  0  36276.8  0  0
15  1450.06  -74.8297  22.16  1e-08  0  0  0  0  0  36310.4  0  0
16  1550.07  -75.641  21.3486  1e-08  0  0  0  0  0  36310.4  0  0
17  1650.07  -76.4015  20.5882  1e-08  0  0  0  0  0  36299.2  0  0
18  1750.06  -77.1171  19.8726  1.21396e-08  0  0  0  0  0  36299.2  0  0
19  1850.07  -77.7931  19.1966  2.60916e-08  0  0  0  0  0  36288  0  0
20  1950.07  -78.4333  18.5564  2.20934e-07  0  0  0  0  0  36243.2  0  0
21  2050.06  -79.0415  17.9481  1.92703e-06  0  0  0  0  0  35593.6  0  0
22  2150.06  -79.6208  17.3688  9.09444e-06  0  0  0  0  0  32480  0  0
23  2250.06  -80.1737  16.816  2.84125e-05  0  0  0  0  0  26465.6  0  0
24  2350.05  -80.7026  16.2871  5.7247e-05  0  0  0  0  0  19208  0  0
25  2450.06  -81.2094  15.7802  0.000147197  0  0  0  0  0  8512  0  0
26  2550.06  -81.6959  15.2938  0.000470446  0  0  0  0  0  448  0  0
27  2650.05  -82.1637  14.8261  0.00125538  0  0  0  0  0  11.2  0  0
28  2750.06  -82.6142  14.3755  0.00276647  0  0  0  0  0  0  0  0
29  2850.06  -83.0486  13.9411  0.00569026  0  0  0  0  0  0  0  0
30  2950.05  -83.4679  13.5218  0.0102141  0  0  0  0  0  0  0  0
31  3050.06  -83.8734  13.1164  0.0178145  0  0  0  0  0  0  0  0
32  3150.07  -84.2657  12.724  0.0294122  0  0  0  0  0  0  0  0
33  3250.07  -84.6458  12.3439  0.0471192  0  0  0  0  0  0  0  0
34  3350.07  -85.0143  11.9754  0.0735034  0  0  0  0  0  0  0  0
35  3450.07  -85.372  11.6178  0.107758  0  0  0  0  0  0  0  0
36  3550.07  -85.7195  11.2702  0.155438  0  0  0  0  0  0  0  0
37  3650.07  -86.0573  10.9323  0.208914  0  0  0  0  0  0  0  0
38  3750.07  -86.386  10.6037  0.237973  0  0  0  0  0  0  0  0
39  3850.07  -86.7061  10.2836  0.267663  0  0  0  0  0  0  0  0
40  3950.07  -87.0179  9.97182  0.297867  0  0  0  0  0  0  0  0
41  4050.07  -87.3219  9.6679  0.320516  0  0  0  0  0  0  0  0
42  4150.07  -87.6185  9.37118  0.343121  0  0  0  0  0  0  0  0
43  4250.07  -87.9081  9.0816  0.366508  0  0  0  0  0  0  0  0
44  4350.07  -88.1909  8.79879  0.384453  0  0  0  0  0  0  0  0
45  4450.07  -88.4673  8.52243  0.399839  0  0  0  0  0  0  0  0
46  4550.07  -88.7375  8.25217  0.41548  0  0  0  0  0  0  0  0
47  4650.07  -89.0019  7.98777  0.430965  0  0  0  0  0  0  0  0
48  4750.07  -89.2606  7.72905  0.444624  0  0  0  0  0  0  0  0
49  4850.07  -89.514  7.47567  0.458133  0  0  0  0  0  0  0  0
50  4950.07  -89.7622  7.22749  0.471764  0  0  0  0  0  0  0  0
51  5050.07  -90.0054  6.98429  0.482349  0  0  0  0  0  0  0  0
52  5150.07  -90.2439  6.74587  0.478334  0  0  0  0  0  0  0  0
53  5250.07  -90.4777  6.51199  0.472638  0  0  0  0  0  0  0  0
54  5350.07  -90.7072  6.28259  0.467115  0  0  0  0  0  0  0  0
55  5403.07  -90.8272  6.16264  0.464248  0  0  0  0  0  0  0  0
56  0  0  0  0  0  0  0  0  0  0  0  0
57  0  0  0  0  0  0  0  0  0  0  0  0
58  0  0  0  0  0  0  0  0  0  0  0  0
59  0  0  0  0  0  0  0  0  0  0  0  0