time     dist    RSSI    SNR     BER     org     rt      dev     drp     rat% r_
kbps     tot_kbps        bw_util
0  0  0  0  0  0  0  0  0  0  0  0  0
1  53.1961  -32.5782  64.4115  1e-08  0  0  0  0  0  17225.6  0  0
2  150.321  -47.0388  49.9509  1e-08  0  0  0  0  0  17920  0  0
3  250.204  -53.3838  43.6059  1e-08  0  0  0  0  0  17920  0  0
4  350.156  -57.5111  39.4786  1e-08  0  0  0  0  0  17920  0  0
5  450.13  -60.5817  36.408  1e-08  0  0  0  0  0  17920  0  0
6  550.113  -63.0292  33.9605  1e-08  0  0  0  0  0  17920  0  0
7  650.102  -65.0648  31.9249  1e-08  0  0  0  0  0  17920  0  0
8  750.095  -66.8075  30.1822  1e-08  0  0  0  0  0  17920  0  0
9  850.086  -68.3313  28.6584  1e-08  0  0  0  0  0  17920  0  0
10  950.085  -69.685  27.3048  1e-08  0  0  0  0  0  17920  0  0
11  1050.08  -70.9029  26.0868  1e-08  0  0  0  0  0  17920  0  0
12  1150.08  -72.0098  24.9799  1e-08  0  0  0  0  0  17920  0  0
13  1250.07  -73.0242  23.9655  1e-08  0  0  0  0  0  17920  0  0
14  1350.07  -73.9605  23.0293  1e-08  0  0  0  0  0  17908.8  0  0
15  1450.07  -74.8298  22.16  1e-08  0  0  0  0  0  17920  0  0
16  1550.07  -75.641  21.3486  1e-08  0  0  0  0  0  17920  0  0
17  1650.07  -76.4015  20.5883  1e-08  0  0  0  0  0  17920  0  0
18  1750.07  -77.1171  19.8726  1e-08  0  0  0  0  0  17908.8  0  0
19  1850.06  -77.793  19.1966  1e-08  0  0  0  0  0  17920  0  0
20  1950.06  -78.4333  18.5564  1e-08  0  0  0  0  0  17908.8  0  0
21  2050.06  -79.0415  17.9481  1e-08  0  0  0  0  0  17920  0  0
22  2150.06  -79.6208  17.3689  1e-08  0  0  0  0  0  17920  0  0
23  2250.06  -80.1737  16.816  1e-08  0  0  0  0  0  17920  0  0
24  2350.06  -80.7026  16.2871  1e-08  0  0  0  0  0  17920  0  0
25  2450.06  -81.2094  15.7803  1e-08  0  0  0  0  0  17920  0  0
26  2550.06  -81.6959  15.2938  1e-08  0  0  0  0  0  17908.8  0  0
27  2650.06  -82.1637  14.8261  1e-08  0  0  0  0  0  17908.8  0  0
28  2750.06  -82.6142  14.3756  1e-08  0  0  0  0  0  17920  0  0
29  2850.06  -83.0486  13.9411  1.38259e-08  0  0  0  0  0  17920  0  0
30  2950.06  -83.4679  13.5218  5.01084e-08  0  0  0  0  0  17920  0  0
31  3050.05  -83.8734  13.1164  1.81132e-07  0  0  0  0  0  17897.6  0  0
32  3150.06  -84.2657  12.724  4.56477e-07  0  0  0  0  0  17819.2  0  0
33  3250.06  -84.6457  12.344  1.0064e-06  0  0  0  0  0  17718.4  0  0
34  3350.06  -85.0143  11.9754  2.09555e-06  0  0  0  0  0  17516.8  0  0
35  3450.06  -85.372  11.6178  3.78226e-06  0  0  0  0  0  17057.6  0  0
36  3550.06  -85.7195  11.2702  6.63204e-06  0  0  0  0  0  16676.8  0  0
37  3650.06  -86.0573  10.9324  1.15693e-05  0  0  0  0  0  15579.2  0  0
38  3750.06  -86.386  10.6038  2.03788e-05  0  0  0  0  0  14179.2  0  0
39  3850.06  -86.706  10.2837  3.54106e-05  0  0  0  0  0  12196.8  0  0
40  3950.06  -87.0178  9.97186  6.05313e-05  0  0  0  0  0  9060.8  0  0
41  4050.06  -87.3219  9.66794  0.000101297  0  0  0  0  0  5712  0  0
42  4150.06  -87.6185  9.37122  0.000167282  0  0  0  0  0  2632  0  0
43  4250.06  -87.908  9.08164  0.000273212  0  0  0  0  0  907.2  0  0
44  4350.06  -88.1909  8.79882  0.000450667  0  0  0  0  0  89.6  0  0
45  4450.06  -88.4673  8.52246  0.000741062  0  0  0  0  0  11.2  0  0
46  4550.05  -88.7375  8.2522  0.00120521  0  0  0  0  0  0  0  0
47  4650.05  -89.0019  7.9878  0.00192144  0  0  0  0  0  0  0  0
48  4750.05  -89.2606  7.72908  0.00291426  0  0  0  0  0  0  0  0
49  4850.05  -89.514  7.4757  0.00436141  0  0  0  0  0  0  0  0
50  4950.05  -89.7622  7.22752  0.00647377  0  0  0  0  0  0  0  0
51  5050.05  -90.0054  6.98432  0.00944072  0  0  0  0  0  0  0  0
52  5150.05  -90.2438  6.7459  0.013127  0  0  0  0  0  0  0  0
53  5250.05  -90.4777  6.51202  0.0180561  0  0  0  0  0  0  0  0
54  5350.05  -90.7071  6.28262  0.024687  0  0  0  0  0  0  0  0
55  5450.05  -90.9323  6.05742  0.0334967  0  0  0  0  0  0  0  0
56  5550.05  -91.1534  5.83628  0.0434959  0  0  0  0  0  0  0  0
57  5650.05  -91.3706  5.61914  0.0554026  0  0  0  0  0  0  0  0
58  5750.05  -91.5839  5.40576  0.07027  0  0  0  0  0  0  0  0
59  5850.05  -91.7936  5.19612  0.0887627  0  0  0  0  0  0  0  0
60  5950.05  -91.9997  4.98996  0.110546  0  0  0  0  0  0  0  0
61  6050.05  -92.2024  4.78726  0.130891  0  0  0  0  0  0  0  0
62  6150.05  -92.4018  4.5879  0.153635  0  0  0  0  0  0  0  0
63  6250.05  -92.5979  4.39182  0.179866  0  0  0  0  0  0  0  0
64  6350.05  -92.7909  4.19878  0.21005  0  0  0  0  0  0  0  0
65  6450.05  -92.9809  4.00878  0.24257  0  0  0  0  0  0  0  0
66  6550.05  -93.168  3.82166  0.263092  0  0  0  0  0  0  0  0
67  6650.05  -93.3523  3.6374  0.281705  0  0  0  0  0  0  0  0
68  6750.05  -93.5338  3.45592  0.301328  0  0  0  0  0  0  0  0
69  6850.05  -93.7126  3.27708  0.321998  0  0  0  0  0  0  0  0
70  6950.05  -93.8888  3.10094  0.343756  0  0  0  0  0  0  0  0
71  7050.05  -94.0626  2.92714  0.363984  0  0  0  0  0  0  0  0
72  7150.05  -94.2338  2.7558  0.381426  0  0  0  0  0  0  0  0
73  7250.05  -94.4027  2.58696  0.399424  0  0  0  0  0  0  0  0
74  7350.05  -94.5693  2.4204  0.418007  0  0  0  0  0  0  0  0
75  7404.05  -94.6584  2.33125  0.428264  0  0  0  0  0  0  0  0
76  0  0  0  0  0  0  0  0  0  0  0  0
77  0  0  0  0  0  0  0  0  0  0  0  0
78  0  0  0  0  0  0  0  0  0  0  0  0
79  0  0  0  0  0  0  0  0  0  0  0  0