time     dist    RSSI    SNR     BER     org     rt      dev     drp     rat% r_
kbps     tot_kbps        bw_util
0  0  0  0  0  0  0  0  0  0  0  0  0
1  53.1667  -32.5656  64.4241  1e-08  0  0  0  0  0  11312  0  0
2  150.321  -47.0388  49.9509  1e-08  0  0  0  0  0  11760  0  0
3  250.204  -53.3838  43.6059  1e-08  0  0  0  0  0  11760  0  0
4  350.156  -57.5111  39.4786  1e-08  0  0  0  0  0  11760  0  0
5  450.13  -60.5817  36.408  1e-08  0  0  0  0  0  11760  0  0
6  550.113  -63.0292  33.9605  1e-08  0  0  0  0  0  11760  0  0
7  650.102  -65.0648  31.9249  1e-08  0  0  0  0  0  11760  0  0
8  750.095  -66.8075  30.1822  1e-08  0  0  0  0  0  11760  0  0
9  850.086  -68.3313  28.6584  1e-08  0  0  0  0  0  11760  0  0
10  950.085  -69.685  27.3048  1e-08  0  0  0  0  0  11760  0  0
11  1050.08  -70.9029  26.0868  1e-08  0  0  0  0  0  11760  0  0
12  1150.08  -72.0098  24.9799  1e-08  0  0  0  0  0  11760  0  0
13  1250.07  -73.0242  23.9655  1e-08  0  0  0  0  0  11760  0  0
14  1350.07  -73.9605  23.0293  1e-08  0  0  0  0  0  11760  0  0
15  1450.07  -74.8298  22.16  1e-08  0  0  0  0  0  11760  0  0
16  1550.07  -75.641  21.3486  1e-08  0  0  0  0  0  11760  0  0
17  1650.07  -76.4015  20.5883  1e-08  0  0  0  0  0  11760  0  0
18  1750.07  -77.1171  19.8726  1e-08  0  0  0  0  0  11760  0  0
19  1850.06  -77.793  19.1966  1e-08  0  0  0  0  0  11760  0  0
20  1950.06  -78.4333  18.5564  1e-08  0  0  0  0  0  11748.8  0  0
21  2050.06  -79.0415  17.9481  1e-08  0  0  0  0  0  11760  0  0
22  2150.06  -79.6208  17.3689  1e-08  0  0  0  0  0  11760  0  0
23  2250.06  -80.1737  16.816  1e-08  0  0  0  0  0  11760  0  0
24  2350.06  -80.7026  16.2871  1e-08  0  0  0  0  0  11760  0  0
25  2450.06  -81.2094  15.7803  1e-08  0  0  0  0  0  11748.8  0  0
26  2550.06  -81.6959  15.2938  1e-08  0  0  0  0  0  11760  0  0
27  2650.06  -82.1637  14.8261  1e-08  0  0  0  0  0  11760  0  0
28  2750.06  -82.6142  14.3756  1e-08  0  0  0  0  0  11760  0  0
29  2850.06  -83.0486  13.9411  1e-08  0  0  0  0  0  11760  0  0
30  2950.06  -83.4679  13.5218  1e-08  0  0  0  0  0  11760  0  0
31  3050.05  -83.8734  13.1164  1e-08  0  0  0  0  0  11760  0  0
32  3150.06  -84.2657  12.724  1e-08  0  0  0  0  0  11760  0  0
33  3250.06  -84.6457  12.344  1e-08  0  0  0  0  0  11760  0  0
34  3350.06  -85.0143  11.9754  1e-08  0  0  0  0  0  11760  0  0
35  3450.06  -85.372  11.6178  1e-08  0  0  0  0  0  11760  0  0
36  3550.06  -85.7195  11.2702  1e-08  0  0  0  0  0  11760  0  0
37  3650.06  -86.0573  10.9324  1e-08  0  0  0  0  0  11760  0  0
38  3750.06  -86.386  10.6038  1e-08  0  0  0  0  0  11748.8  0  0
39  3850.06  -86.706  10.2837  1e-08  0  0  0  0  0  11760  0  0
40  3950.06  -87.0178  9.97186  1.30614e-08  0  0  0  0  0  11760  0  0
41  4050.06  -87.3219  9.66794  4.47391e-08  0  0  0  0  0  11760  0  0
42  4150.06  -87.6185  9.37122  1.59858e-07  0  0  0  0  0  11748.8  0  0
43  4250.06  -87.908  9.08164  5.44816e-07  0  0  0  0  0  11704  0  0
44  4350.06  -88.1909  8.79882  1.28102e-06  0  0  0  0  0  11592  0  0
45  4450.06  -88.4673  8.52246  2.63834e-06  0  0  0  0  0  11368  0  0
46  4550.05  -88.7375  8.2522  5.34749e-06  0  0  0  0  0  11076.8  0  0
47  4650.05  -89.0019  7.9878  1.03869e-05  0  0  0  0  0  10550.4  0  0
48  4750.05  -89.2606  7.72908  1.7819e-05  0  0  0  0  0  9676.8  0  0
49  4850.05  -89.514  7.4757  2.98576e-05  0  0  0  0  0  8635.2  0  0
50  4950.05  -89.7622  7.22752  4.95062e-05  0  0  0  0  0  6619.2  0  0
51  5050.05  -90.0054  6.98432  8.17248e-05  0  0  0  0  0  4603.2  0  0
52  5150.05  -90.2438  6.7459  0.000136625  0  0  0  0  0  2699.2  0  0
53  5250.05  -90.4777  6.51202  0.000226696  0  0  0  0  0  828.8  0  0
54  5350.05  -90.7071  6.28262  0.000372576  0  0  0  0  0  168  0  0
55  5450.05  -90.9323  6.05742  0.000605277  0  0  0  0  0  22.4  0  0
56  5550.05  -91.1534  5.83628  0.000929623  0  0  0  0  0  0  0  0
57  5650.05  -91.3706  5.61914  0.00139306  0  0  0  0  0  0  0  0
58  5750.05  -91.5839  5.40576  0.00207277  0  0  0  0  0  0  0  0
59  5850.05  -91.7936  5.19612  0.00306311  0  0  0  0  0  0  0  0
60  5950.05  -91.9997  4.98996  0.00448163  0  0  0  0  0  0  0  0
61  6050.05  -92.2024  4.78726  0.00642051  0  0  0  0  0  0  0  0
62  6150.05  -92.4018  4.5879  0.00912821  0  0  0  0  0  0  0  0
63  6250.05  -92.5979  4.39182  0.0129044  0  0  0  0  0  0  0  0
64  6350.05  -92.7909  4.19878  0.0181429  0  0  0  0  0  0  0  0
65  6450.05  -92.9809  4.00878  0.025212  0  0  0  0  0  0  0  0
66  6550.05  -93.168  3.82166  0.0334484  0  0  0  0  0  0  0  0
67  6650.05  -93.3523  3.6374  0.0438598  0  0  0  0  0  0  0  0
68  6750.05  -93.5338  3.45592  0.0572797  0  0  0  0  0  0  0  0
69  6850.05  -93.7126  3.27708  0.0745129  0  0  0  0  0  0  0  0
70  6950.05  -93.8888  3.10094  0.0965625  0  0  0  0  0  0  0  0
71  7050.05  -94.0626  2.92714  0.118015  0  0  0  0  0  0  0  0
72  7150.05  -94.2338  2.7558  0.134241  0  0  0  0  0  0  0  0
73  7250.05  -94.4027  2.58696  0.15237  0  0  0  0  0  0  0  0
74  7350.05  -94.5693  2.4204  0.172647  0  0  0  0  0  0  0  0
75  7450.05  -94.7337  2.25602  0.195294  0  0  0  0  0  0  0  0
76  7550.05  -94.8958  2.09392  0.220548  0  0  0  0  0  0  0  0
77  7650.05  -95.0558  1.9339  0.242031  0  0  0  0  0  0  0  0
78  7750.05  -95.2137  1.77596  0.255889  0  0  0  0  0  0  0  0
79  7850.05  -95.3696  1.62006  0.270289  0  0  0  0  0  0  0  0
80  7950.05  -95.5236  1.46614  0.2853  0  0  0  0  0  0  0  0
81  8050.05  -95.6756  1.31404  0.300942  0  0  0  0  0  0  0  0
82  8150.05  -95.8257  1.1639  0.317232  0  0  0  0  0  0  0  0
83  8250.05  -95.974  1.01566  0.333537  0  0  0  0  0  0  0  0
84  8350.05  -96.1205  0.8692  0.344131  0  0  0  0  0  0  0  0
85  8404.05  -96.199  0.7905  0.349086  0  0  0  0  0  0  0  0
86  0  0  0  0  0  0  0  0  0  0  0  0
87  0  0  0  0  0  0  0  0  0  0  0  0
88  0  0  0  0  0  0  0  0  0  0  0  0
89  0  0  0  0  0  0  0  0  0  0  0  0
90  0  0  0  0  0  0  0  0  0  0  0  0
91  0  0  0  0  0  0  0  0  0  0  0  0
92  0  0  0  0  0  0  0  0  0  0  0  0
93  0  0  0  0  0  0  0  0  0  0  0  0
94  0  0  0  0  0  0  0  0  0  0  0  0
95  0  0  0  0  0  0  0  0  0  0  0  0
96  0  0  0  0  0  0  0  0  0  0  0  0
97  0  0  0  0  0  0  0  0  0  0  0  0
98  0  0  0  0  0  0  0  0  0  0  0  0
99  0  0  0  0  0  0  0  0  0  0  0  0