time     dist    RSSI    SNR     BER     org     rt      dev     drp     rat% r_
kbps     tot_kbps        bw_util
0  0  0  0  0  0  0  0  0  0  0  0  0
1  53.0722  -32.5251  64.4646  1e-08  0  0  0  0  0  5398.4  0  0
2  150.321  -47.0388  49.9509  1e-08  0  0  0  0  0  5600  0  0
3  250.204  -53.3838  43.6059  1e-08  0  0  0  0  0  5600  0  0
4  350.156  -57.5111  39.4786  1e-08  0  0  0  0  0  5600  0  0
5  450.13  -60.5817  36.408  1e-08  0  0  0  0  0  5600  0  0
6  550.113  -63.0292  33.9605  1e-08  0  0  0  0  0  5600  0  0
7  650.102  -65.0648  31.9249  1e-08  0  0  0  0  0  5600  0  0
8  750.095  -66.8075  30.1822  1e-08  0  0  0  0  0  5600  0  0
9  850.086  -68.3313  28.6584  1e-08  0  0  0  0  0  5600  0  0
10  950.085  -69.685  27.3048  1e-08  0  0  0  0  0  5600  0  0
11  1050.08  -70.9029  26.0868  1e-08  0  0  0  0  0  5600  0  0
12  1150.08  -72.0098  24.9799  1e-08  0  0  0  0  0  5600  0  0
13  1250.07  -73.0242  23.9655  1e-08  0  0  0  0  0  5600  0  0
14  1350.07  -73.9605  23.0293  1e-08  0  0  0  0  0  5600  0  0
15  1450.07  -74.8298  22.16  1e-08  0  0  0  0  0  5600  0  0
16  1550.07  -75.641  21.3486  1e-08  0  0  0  0  0  5600  0  0
17  1650.07  -76.4015  20.5883  1e-08  0  0  0  0  0  5600  0  0
18  1750.07  -77.1171  19.8726  1e-08  0  0  0  0  0  5600  0  0
19  1850.06  -77.793  19.1966  1e-08  0  0  0  0  0  5600  0  0
20  1950.06  -78.4333  18.5564  1e-08  0  0  0  0  0  5600  0  0
21  2050.06  -79.0415  17.9481  1e-08  0  0  0  0  0  5600  0  0
22  2150.06  -79.6208  17.3689  1e-08  0  0  0  0  0  5600  0  0
23  2250.06  -80.1737  16.816  1e-08  0  0  0  0  0  5600  0  0
24  2350.06  -80.7026  16.2871  1e-08  0  0  0  0  0  5600  0  0
25  2450.06  -81.2094  15.7803  1e-08  0  0  0  0  0  5600  0  0
26  2550.06  -81.6959  15.2938  1e-08  0  0  0  0  0  5600  0  0
27  2650.06  -82.1637  14.8261  1e-08  0  0  0  0  0  5600  0  0
28  2750.06  -82.6142  14.3756  1e-08  0  0  0  0  0  5600  0  0
29  2850.06  -83.0486  13.9411  1e-08  0  0  0  0  0  5600  0  0
30  2950.06  -83.4679  13.5218  1e-08  0  0  0  0  0  5600  0  0
31  3050.06  -83.8734  13.1164  1e-08  0  0  0  0  0  5600  0  0
32  3150.06  -84.2657  12.724  1e-08  0  0  0  0  0  5600  0  0
33  3250.06  -84.6457  12.344  1e-08  0  0  0  0  0  5600  0  0
34  3350.06  -85.0143  11.9754  1e-08  0  0  0  0  0  5588.8  0  0
35  3450.06  -85.372  11.6178  1e-08  0  0  0  0  0  5600  0  0
36  3550.06  -85.7195  11.2702  1e-08  0  0  0  0  0  5600  0  0
37  3650.06  -86.0573  10.9324  1e-08  0  0  0  0  0  5600  0  0
38  3750.06  -86.386  10.6038  1e-08  0  0  0  0  0  5600  0  0
39  3850.06  -86.706  10.2837  1e-08  0  0  0  0  0  5600  0  0
40  3950.06  -87.0178  9.97186  1e-08  0  0  0  0  0  5600  0  0
41  4050.06  -87.3219  9.66794  1e-08  0  0  0  0  0  5600  0  0
42  4150.06  -87.6185  9.37122  1e-08  0  0  0  0  0  5600  0  0
43  4250.06  -87.908  9.08164  1e-08  0  0  0  0  0  5600  0  0
44  4350.06  -88.1909  8.79882  1e-08  0  0  0  0  0  5600  0  0
45  4450.06  -88.4673  8.52246  1e-08  0  0  0  0  0  5600  0  0
46  4550.05  -88.7375  8.2522  1e-08  0  0  0  0  0  5600  0  0
47  4650.05  -89.0019  7.9878  1e-08  0  0  0  0  0  5600  0  0
48  4750.05  -89.2606  7.72908  1e-08  0  0  0  0  0  5600  0  0
49  4850.05  -89.514  7.4757  1e-08  0  0  0  0  0  5588.8  0  0
50  4950.05  -89.7622  7.22752  1e-08  0  0  0  0  0  5600  0  0
51  5050.05  -90.0054  6.98432  1e-08  0  0  0  0  0  5600  0  0
52  5150.05  -90.2438  6.7459  1e-08  0  0  0  0  0  5600  0  0
53  5250.05  -90.4777  6.51202  1e-08  0  0  0  0  0  5600  0  0
54  5350.05  -90.7071  6.28262  1e-08  0  0  0  0  0  5600  0  0
55  5450.05  -90.9323  6.05742  1.02672e-08  0  0  0  0  0  5600  0  0
56  5550.05  -91.1534  5.83628  1.91955e-08  0  0  0  0  0  5600  0  0
57  5650.05  -91.3706  5.61914  4.38299e-08  0  0  0  0  0  5600  0  0
58  5750.05  -91.5839  5.40576  9.86424e-08  0  0  0  0  0  5600  0  0
59  5850.05  -91.7936  5.19612  2.18926e-07  0  0  0  0  0  5600  0  0
60  5950.05  -91.9997  4.98996  4.54288e-07  0  0  0  0  0  5577.6  0  0
61  6050.05  -92.2024  4.78726  7.52936e-07  0  0  0  0  0  5555.2  0  0
62  6150.05  -92.4018  4.5879  1.20861e-06  0  0  0  0  0  5465.6  0  0
63  6250.05  -92.5979  4.39182  1.92533e-06  0  0  0  0  0  5454.4  0  0
64  6350.05  -92.7909  4.19878  3.0445e-06  0  0  0  0  0  5409.6  0  0
65  6450.05  -92.9809  4.00878  4.6069e-06  0  0  0  0  0  5163.2  0  0
66  6550.05  -93.168  3.82166  5.47338e-06  0  0  0  0  0  5353.6  0  0
67  6650.05  -93.3523  3.6374  6.21058e-06  0  0  0  0  0  5219.2  0  0
68  6750.05  -93.5338  3.45592  7.03378e-06  0  0  0  0  0  5163.2  0  0
69  6850.05  -93.7126  3.27708  7.95153e-06  0  0  0  0  0  5096  0  0
70  6950.05  -93.8888  3.10094  8.97308e-06  0  0  0  0  0  5006.4  0  0
71  7050.05  -94.0626  2.92714  1.14425e-05  0  0  0  0  0  5040  0  0
72  7150.05  -94.2338  2.7558  1.69399e-05  0  0  0  0  0  4625.6  0  0
73  7250.05  -94.4027  2.58696  2.49599e-05  0  0  0  0  0  4222.4  0  0
74  7350.05  -94.5693  2.4204  3.65822e-05  0  0  0  0  0  3763.2  0  0
75  7450.05  -94.7337  2.25602  5.33402e-05  0  0  0  0  0  2856  0  0
76  7550.05  -94.8958  2.09392  7.73853e-05  0  0  0  0  0  2184  0  0
77  7650.05  -95.0558  1.9339  0.0001129  0  0  0  0  0  1657.6  0  0
78  7750.05  -95.2137  1.77596  0.000166005  0  0  0  0  0  862.4  0  0
79  7850.05  -95.3696  1.62006  0.000242904  0  0  0  0  0  291.2  0  0
80  7950.05  -95.5236  1.46614  0.000353716  0  0  0  0  0  134.4  0  0
81  8050.05  -95.6756  1.31404  0.00051267  0  0  0  0  0  0  0  0
82  8150.05  -95.8257  1.1639  0.000739662  0  0  0  0  0  0  0  0
83  8250.05  -95.974  1.01566  0.00105438  0  0  0  0  0  0  0  0
84  8350.05  -96.1205  0.8692  0.00140339  0  0  0  0  0  0  0  0
85  8450.05  -96.2653  0.72444  0.00183501  0  0  0  0  0  0  0  0
86  8550.05  -96.4083  0.58134  0.00239183  0  0  0  0  0  0  0  0
87  8650.05  -96.5497  0.43994  0.00310802  0  0  0  0  0  0  0  0
88  8750.05  -96.6895  0.30018  0.00402653  0  0  0  0  0  0  0  0
89  8850.05  -96.8277  0.16202  0.00520116  0  0  0  0  0  0  0  0
90  8950.05  -96.9643  0.02538  0.00668678  0  0  0  0  0  0  0  0
91  9050.05  -97.0995  -0.10974  0.00836327  0  0  0  0  0  0  0  0
92  9150.05  -97.2331  -0.24334  0.0103563  0  0  0  0  0  0  0  0
93  9250.05  -97.3653  -0.37558  0.0127945  0  0  0  0  0  0  0  0
94  9350.05  -97.496  -0.5063  0.0157709  0  0  0  0  0  0  0  0
95  9450.05  -97.6254  -0.6357  0.0193964  0  0  0  0  0  0  0  0
96  9550.05  -97.7534  -0.76368  0.0238036  0  0  0  0  0  0  0  0
97  9650.05  -97.8801  -0.89034  0.0291499  0  0  0  0  0  0  0  0
98  9750.05  -98.0054  -1.0158  0.0352207  0  0  0  0  0  0  0  0
99  9850.05  -98.1295  -1.1398  0.0408145  0  0  0  0  0  0  0  0
100  9950.05  -98.2523  -1.26266  0.0470573  0  0  0  0  0  0  0  0
101  10050.1  -98.3739  -1.38426  0.0541777  0  0  0  0  0  0  0  0
102  10150.1  -98.4943  -1.50462  0.0622886  0  0  0  0  0  0  0  0
103  10250.1  -98.6136  -1.62388  0.071516  0  0  0  0  0  0  0  0
104  10350.1  -98.7316  -1.74192  0.0820002  0  0  0  0  0  0  0  0
105  10450.1  -98.8486  -1.85882  0.093898  0  0  0  0  0  0  0  0
106  10550.1  -98.9644  -1.97464  0.107194  0  0  0  0  0  0  0  0
107  10650.1  -99.0791  -2.08938  0.118592  0  0  0  0  0  0  0  0
108  10750.1  -99.1927  -2.20306  0.129684  0  0  0  0  0  0  0  0
109  10850.1  -99.3053  -2.31564  0.141696  0  0  0  0  0  0  0  0
110  10950.1  -99.4169  -2.4272  0.154695  0  0  0  0  0  0  0  0
111  11050.1  -99.5274  -2.5377  0.168752  0  0  0  0  0  0  0  0
112  11150.1  -99.637  -2.6473  0.183943  0  0  0  0  0  0  0  0
113  11250.1  -99.7456  -2.75592  0.200347  0  0  0  0  0  0  0  0
114  11350.1  -99.8532  -2.8635  0.218047  0  0  0  0  0  0  0  0
115  11450.1  -99.9599  -2.97014  0.236893  0  0  0  0  0  0  0  0
116  11516.1  -100.03  -3.04013  0.246584  0  0  0  0  0  0  0  0
117  0  0  0  0  0  0  0  0  0  0  0  0
118  0  0  0  0  0  0  0  0  0  0  0  0
119  0  0  0  0  0  0  0  0  0  0  0  0