time     dist    RSSI    SNR     BER     org     rt      dev     drp     rat% r_
kbps     tot_kbps        bw_util
0  0  0  0  0  0  0  0  0  0  0  0  0
1  53.2397  -26.5993  70.4007  1e-08  0  0  0  0  0  16016  0  0
2  150.294  -41.0361  55.9638  1e-08  0  0  0  0  0  16688  0  0
3  250.178  -47.382  49.6178  1e-08  0  0  0  0  0  16688  0  0
4  350.132  -51.5098  45.4902  1e-08  0  0  0  0  0  16710.4  0  0
5  450.096  -54.5804  42.4196  1e-08  0  0  0  0  0  16699.2  0  0
6  550.069  -57.0278  39.9722  1e-08  0  0  0  0  0  16710.4  0  0
7  650.079  -59.0639  37.9362  1e-08  0  0  0  0  0  16710.4  0  0
8  750.06  -60.8066  36.1935  1e-08  0  0  0  0  0  16699.2  0  0
9  850.045  -62.3302  34.6698  1e-08  0  0  0  0  0  16710.4  0  0
10  950.057  -63.6843  33.3157  1e-08  0  0  0  0  0  16710.4  0  0
11  1050.05  -64.9021  32.098  1e-08  0  0  0  0  0  16699.2  0  0
12  1150.03  -66.0089  30.9911  1e-08  0  0  0  0  0  16710.4  0  0
13  1250.05  -67.0236  29.9765  1e-08  0  0  0  0  0  16710.4  0  0
14  1350.04  -67.9598  29.0403  1e-08  0  0  0  0  0  16699.2  0  0
15  1450.02  -68.829  28.171  1e-08  0  0  0  0  0  16710.4  0  0
16  1550.05  -69.6404  27.3596  1e-08  0  0  0  0  0  16699.2  0  0
17  1650.03  -70.4008  26.5992  1e-08  0  0  0  0  0  16699.2  0  0
18  1750.01  -71.1164  25.8837  1e-08  0  0  0  0  0  16710.4  0  0
19  1850.04  -71.7925  25.2075  1e-08  0  0  0  0  0  16710.4  0  0
20  1950.03  -72.4327  24.5673  1e-08  0  0  0  0  0  16688  0  0
21  2050.01  -73.0409  23.9591  1e-08  0  0  0  0  0  16710.4  0  0
22  2150.04  -73.6203  23.3797  1e-08  0  0  0  0  0  16699.2  0  0
23  2250.03  -74.1731  22.827  1e-08  0  0  0  0  0  16699.2  0  0
24  2350.01  -74.7019  22.2981  1e-08  0  0  0  0  0  16710.4  0  0
25  2450.04  -75.2088  21.7911  1e-08  0  0  0  0  0  16710.4  0  0
26  2550.03  -75.6953  21.3047  1e-08  0  0  0  0  0  16699.2  0  0
27  2650.01  -76.1631  20.8369  1e-08  0  0  0  0  0  16710.4  0  0
28  2750.04  -76.6137  20.3863  1e-08  0  0  0  0  0  16710.4  0  0
29  2850.02  -77.048  19.9521  1.09699e-08  0  0  0  0  0  16688  0  0
30  2950  -77.4673  19.5327  1.68532e-08  0  0  0  0  0  16699.2  0  0
31  3050.03  -77.8728  19.1273  2.69211e-08  0  0  0  0  0  16710.4  0  0
32  3150.04  -78.2652  18.7348  9.42605e-08  0  0  0  0  0  16688  0  0
33  3250.04  -78.6453  18.3547  4.21808e-07  0  0  0  0  0  16564.8  0  0
34  3350.04  -79.0138  17.9862  1.63527e-06  0  0  0  0  0  16430.4  0  0
35  3450.04  -79.3715  17.6284  4.33746e-06  0  0  0  0  0  15836.8  0  0
36  3550.04  -79.719  17.281  1.08301e-05  0  0  0  0  0  14952  0  0
37  3650.04  -80.0568  16.9432  2.34199e-05  0  0  0  0  0  13048  0  0
38  3750.04  -80.3855  16.6145  3.6781e-05  0  0  0  0  0  10830.4  0  0
39  3850.04  -80.7056  16.2944  5.60205e-05  0  0  0  0  0  9072  0  0
40  3950.04  -81.0174  15.9826  8.96542e-05  0  0  0  0  0  6148.8  0  0
41  4050.04  -81.3214  15.6785  0.000180984  0  0  0  0  0  2385.6  0  0
42  4150.04  -81.618  15.382  0.000368276  0  0  0  0  0  268.8  0  0
43  4250.04  -81.9076  15.0924  0.000734093  0  0  0  0  0  0  0  0
44  4350.04  -82.1904  14.8096  0.00127236  0  0  0  0  0  0  0  0
45  4450.04  -82.4668  14.5333  0.00206563  0  0  0  0  0  0  0  0
46  4550.04  -82.737  14.2629  0.00331762  0  0  0  0  0  0  0  0
47  4650.04  -83.0014  13.9985  0.00519847  0  0  0  0  0  0  0  0
48  4750.04  -83.2602  13.7398  0.00750163  0  0  0  0  0  0  0  0
49  4850.04  -83.5135  13.4866  0.0106327  0  0  0  0  0  0  0  0
50  4950.04  -83.7617  13.2383  0.0149639  0  0  0  0  0  0  0  0
51  5050.04  -84.0049  12.9951  0.0208137  0  0  0  0  0  0  0  0
52  5150.04  -84.2434  12.7566  0.0280752  0  0  0  0  0  0  0  0
53  5250.04  -84.4772  12.5228  0.0375283  0  0  0  0  0  0  0  0
54  5350.04  -84.7067  12.2933  0.0498906  0  0  0  0  0  0  0  0
55  5450.04  -84.9319  12.0681  0.0659189  0  0  0  0  0  0  0  0
56  5550.04  -85.153  11.847  0.0842968  0  0  0  0  0  0  0  0
57  5650.04  -85.3701  11.6299  0.105998  0  0  0  0  0  0  0  0
58  5750.04  -85.5835  11.4165  0.132752  0  0  0  0  0  0  0  0
59  5850.04  -85.7932  11.2068  0.165615  0  0  0  0  0  0  0  0
60  5950.04  -85.9993  11.0007  0.202104  0  0  0  0  0  0  0  0
61  6050.04  -86.202  10.7981  0.221488  0  0  0  0  0  0  0  0
62  6150.04  -86.4013  10.5987  0.238321  0  0  0  0  0  0  0  0
63  6250.04  -86.5975  10.4025  0.25613  0  0  0  0  0  0  0  0
64  6350.02  -86.7904  10.2096  0.274952  0  0  0  0  0  0  0  0
65  6402.01  -86.8897  10.11  0.28511  0  0  0  0  0  0  0  0
66  0  0  0  0  0  0  0  0  0  0  0  0
67  0  0  0  0  0  0  0  0  0  0  0  0
68  0  0  0  0  0  0  0  0  0  0  0  0
69  0  0  0  0  0  0  0  0  0  0  0  0