time     dist    RSSI    SNR     BER     org     rt      dev     drp     rat% r_
kbps     tot_kbps        bw_util
0  0  0  0  0  0  0  0  0  0  0  0  0
1  53.2866  -26.6184  70.3816  1e-08  0  0  0  0  0  24483.2  0  0
2  150.298  -41.0364  55.9635  1e-08  0  0  0  0  0  25536  0  0
3  250.182  -47.3822  49.6176  1e-08  0  0  0  0  0  25536  0  0
4  350.137  -51.51  45.49  1e-08  0  0  0  0  0  25580.8  0  0
5  450.098  -54.5804  42.4196  1e-08  0  0  0  0  0  25558.4  0  0
6  550.067  -57.0277  39.9722  1e-08  0  0  0  0  0  25580.8  0  0
7  650.084  -59.064  37.9361  1e-08  0  0  0  0  0  25580.8  0  0
8  750.062  -60.8066  36.1935  1e-08  0  0  0  0  0  25558.4  0  0
9  850.043  -62.3302  34.6698  1e-08  0  0  0  0  0  25580.8  0  0
10  950.062  -63.6843  33.3157  1e-08  0  0  0  0  0  25580.8  0  0
11  1050.05  -64.9021  32.0979  1e-08  0  0  0  0  0  25547.2  0  0
12  1150.03  -66.0089  30.9911  1e-08  0  0  0  0  0  25580.8  0  0
13  1250.05  -67.0236  29.9764  1e-08  0  0  0  0  0  25580.8  0  0
14  1350.04  -67.9598  29.0403  1e-08  0  0  0  0  0  25547.2  0  0
15  1450.02  -68.8289  28.171  1e-08  0  0  0  0  0  25569.6  0  0
16  1550.05  -69.6404  27.3595  1e-08  0  0  0  0  0  25580.8  0  0
17  1650.03  -70.4008  26.5992  1e-08  0  0  0  0  0  25558.4  0  0
18  1750.01  -71.1164  25.8837  1e-08  0  0  0  0  0  25580.8  0  0
19  1850.04  -71.7925  25.2075  1.03291e-08  0  0  0  0  0  25580.8  0  0
20  1950.03  -72.4327  24.5673  3.62337e-08  0  0  0  0  0  25513.6  0  0
21  2050.01  -73.0409  23.9591  1.71299e-07  0  0  0  0  0  25536  0  0
22  2150.04  -73.6203  23.3797  5.92841e-07  0  0  0  0  0  25401.6  0  0
23  2250.03  -74.1731  22.827  1.80116e-06  0  0  0  0  0  25121.6  0  0
24  2350.01  -74.7019  22.2981  4.84091e-06  0  0  0  0  0  24214.4  0  0
25  2450.04  -75.2089  21.7911  1.61805e-05  0  0  0  0  0  21414.4  0  0
26  2550.03  -75.6953  21.3047  6.53365e-05  0  0  0  0  0  12644.8  0  0
27  2650.01  -76.1631  20.8369  0.000247762  0  0  0  0  0  2452.8  0  0
28  2750.04  -76.6137  20.3863  0.000884516  0  0  0  0  0  33.6  0  0
29  2850.03  -77.048  19.952  0.0027473  0  0  0  0  0  0  0  0
30  2950  -77.4673  19.5327  0.00633682  0  0  0  0  0  0  0  0
31  3050.03  -77.8729  19.1273  0.0138386  0  0  0  0  0  0  0  0
32  3150.05  -78.2652  18.7348  0.0228119  0  0  0  0  0  0  0  0
33  3250.05  -78.6453  18.3547  0.0332141  0  0  0  0  0  0  0  0
34  3350.05  -79.0138  17.9862  0.0482676  0  0  0  0  0  0  0  0
35  3450.05  -79.3715  17.6284  0.0724004  0  0  0  0  0  0  0  0
36  3550.05  -79.719  17.281  0.107912  0  0  0  0  0  0  0  0
37  3650.05  -80.0568  16.9432  0.150803  0  0  0  0  0  0  0  0
38  3750.05  -80.3855  16.6144  0.179186  0  0  0  0  0  0  0  0
39  3850.05  -80.7056  16.2944  0.209696  0  0  0  0  0  0  0  0
40  3950.05  -81.0174  15.9826  0.241927  0  0  0  0  0  0  0  0
41  4050.05  -81.3214  15.6785  0.265452  0  0  0  0  0  0  0  0
42  4150.05  -81.6181  15.3819  0.288907  0  0  0  0  0  0  0  0
43  4250.05  -81.9076  15.0924  0.313655  0  0  0  0  0  0  0  0
44  4350.05  -82.1904  14.8096  0.333595  0  0  0  0  0  0  0  0
45  4450.05  -82.4668  14.5332  0.350955  0  0  0  0  0  0  0  0
46  4550.05  -82.7371  14.2629  0.368802  0  0  0  0  0  0  0  0
47  4650.05  -83.0014  13.9985  0.385935  0  0  0  0  0  0  0  0
48  4750.05  -83.2602  13.7398  0.396337  0  0  0  0  0  0  0  0
49  4850.05  -83.5135  13.4865  0.405637  0  0  0  0  0  0  0  0
50  4902.03  -83.6434  13.3564  0.410479  0  0  0  0  0  0  0  0
51  0  0  0  0  0  0  0  0  0  0  0  0
52  0  0  0  0  0  0  0  0  0  0  0  0
53  0  0  0  0  0  0  0  0  0  0  0  0
54  0  0  0  0  0  0  0  0  0  0  0  0
55  0  0  0  0  0  0  0  0  0  0  0  0
56  0  0  0  0  0  0  0  0  0  0  0  0
57  0  0  0  0  0  0  0  0  0  0  0  0
58  0  0  0  0  0  0  0  0  0  0  0  0
59  0  0  0  0  0  0  0  0  0  0  0  0