time     dist    RSSI    SNR     BER     org     rt      dev     drp     rat% r_
kbps     tot_kbps        bw_util
0  0  0  0  0  0  0  0  0  0  0  0  0
1  53.2648  -26.6083  70.3917  1e-08  0  0  0  0  0  7952  0  0
2  150.307  -41.0372  55.9627  1e-08  0  0  0  0  0  8288  0  0
3  250.192  -47.3827  49.6172  1e-08  0  0  0  0  0  8288  0  0
4  350.149  -51.5104  45.4896  1e-08  0  0  0  0  0  8310.4  0  0
5  450.103  -54.5806  42.4194  1e-08  0  0  0  0  0  8299.2  0  0
6  550.063  -57.0276  39.9723  1e-08  0  0  0  0  0  8310.4  0  0
7  650.095  -59.0642  37.9359  1e-08  0  0  0  0  0  8310.4  0  0
8  750.066  -60.8067  36.1934  1e-08  0  0  0  0  0  8299.2  0  0
9  850.039  -62.3301  34.6698  1e-08  0  0  0  0  0  8310.4  0  0
10  950.073  -63.6845  33.3155  1e-08  0  0  0  0  0  8310.4  0  0
11  1050.05  -64.9022  32.0979  1e-08  0  0  0  0  0  8299.2  0  0
12  1150.03  -66.0088  30.9912  1e-08  0  0  0  0  0  8310.4  0  0
13  1250.06  -67.0237  29.9763  1e-08  0  0  0  0  0  8310.4  0  0
14  1350.04  -67.9598  29.0402  1e-08  0  0  0  0  0  8299.2  0  0
15  1450.02  -68.8289  28.1711  1e-08  0  0  0  0  0  8310.4  0  0
16  1550.06  -69.6405  27.3594  1e-08  0  0  0  0  0  8310.4  0  0
17  1650.04  -70.4008  26.5992  1e-08  0  0  0  0  0  8299.2  0  0
18  1750.01  -71.1164  25.8837  1e-08  0  0  0  0  0  8310.4  0  0
19  1850.05  -71.7926  25.2074  1e-08  0  0  0  0  0  8310.4  0  0
20  1950.03  -72.4327  24.5673  1e-08  0  0  0  0  0  8299.2  0  0
21  2050.01  -73.0408  23.9591  1e-08  0  0  0  0  0  8310.4  0  0
22  2150.05  -73.6203  23.3796  1e-08  0  0  0  0  0  8310.4  0  0
23  2250.03  -74.1732  22.827  1e-08  0  0  0  0  0  8299.2  0  0
24  2350.01  -74.7019  22.2981  1e-08  0  0  0  0  0  8310.4  0  0
25  2450.05  -75.2089  21.791  1e-08  0  0  0  0  0  8310.4  0  0
26  2550.03  -75.6954  21.3046  1e-08  0  0  0  0  0  8299.2  0  0
27  2650.01  -76.1631  20.8369  1e-08  0  0  0  0  0  8310.4  0  0
28  2750.05  -76.6137  20.3862  1e-08  0  0  0  0  0  8310.4  0  0
29  2850.03  -77.048  19.952  1e-08  0  0  0  0  0  8288  0  0
30  2950  -77.4673  19.5327  1e-08  0  0  0  0  0  8310.4  0  0
31  3050.04  -77.8729  19.1272  1e-08  0  0  0  0  0  8310.4  0  0
32  3150.06  -78.2653  18.7347  1e-08  0  0  0  0  0  8288  0  0
33  3250.06  -78.6454  18.3546  1e-08  0  0  0  0  0  8288  0  0
34  3350.06  -79.0139  17.9861  1e-08  0  0  0  0  0  8288  0  0
35  3450.06  -79.3716  17.6283  1e-08  0  0  0  0  0  8288  0  0
36  3550.06  -79.7191  17.2809  1e-08  0  0  0  0  0  8288  0  0
37  3650.06  -80.0569  16.9431  1e-08  0  0  0  0  0  8276.8  0  0
38  3750.06  -80.3856  16.6144  1e-08  0  0  0  0  0  8288  0  0
39  3850.06  -80.7056  16.2944  1e-08  0  0  0  0  0  8288  0  0
40  3950.06  -81.0175  15.9825  1e-08  0  0  0  0  0  8288  0  0
41  4050.06  -81.3215  15.6784  1e-08  0  0  0  0  0  8288  0  0
42  4150.06  -81.6181  15.3819  1e-08  0  0  0  0  0  8276.8  0  0
43  4250.06  -81.9077  15.0923  1e-08  0  0  0  0  0  8288  0  0
44  4350.06  -82.1905  14.8095  1e-08  0  0  0  0  0  8288  0  0
45  4450.06  -82.4669  14.5332  1e-08  0  0  0  0  0  8288  0  0
46  4550.06  -82.7371  14.2629  1e-08  0  0  0  0  0  8288  0  0
47  4650.06  -83.0015  13.9985  1.1246e-08  0  0  0  0  0  8288  0  0
48  4750.06  -83.2602  13.7397  2.37681e-08  0  0  0  0  0  8288  0  0
49  4850.06  -83.5136  13.4865  5.36626e-08  0  0  0  0  0  8288  0  0
50  4950.06  -83.7618  13.2382  1.19165e-07  0  0  0  0  0  8265.6  0  0
51  5050.06  -84.005  12.995  2.48855e-07  0  0  0  0  0  8288  0  0
52  5150.06  -84.2434  12.7566  4.1945e-07  0  0  0  0  0  8198.4  0  0
53  5250.06  -84.4773  12.5227  6.82686e-07  0  0  0  0  0  8209.6  0  0
54  5350.06  -84.7067  12.2932  1.10097e-06  0  0  0  0  0  8120  0  0
55  5450.06  -84.9319  12.068  1.75576e-06  0  0  0  0  0  8075.2  0  0
56  5550.06  -85.153  11.8469  2.58843e-06  0  0  0  0  0  8052.8  0  0
57  5650.06  -85.3702  11.6298  3.67776e-06  0  0  0  0  0  7963.2  0  0
58  5750.06  -85.5836  11.4164  5.19345e-06  0  0  0  0  0  7840  0  0
59  5850.06  -85.7932  11.2068  7.29034e-06  0  0  0  0  0  7593.6  0  0
60  5950.06  -85.9993  11.0007  1.02068e-05  0  0  0  0  0  7459.2  0  0
61  6050.06  -86.202  10.7981  1.44498e-05  0  0  0  0  0  7022.4  0  0
62  6150.06  -86.4014  10.5986  2.03912e-05  0  0  0  0  0  6619.2  0  0
63  6250.06  -86.5975  10.4025  2.86162e-05  0  0  0  0  0  6092.8  0  0
64  6350.02  -86.7904  10.2096  3.99378e-05  0  0  0  0  0  5264  0  0
65  6450  -86.9804  10.0196  5.54212e-05  0  0  0  0  0  4289.6  0  0
66  6550.04  -87.1676  9.83244  7.61568e-05  0  0  0  0  0  3483.2  0  0
67  6650.02  -87.3518  9.64822  0.000104013  0  0  0  0  0  2497.6  0  0
68  6750  -87.5333  9.46672  0.000141401  0  0  0  0  0  1825.6  0  0
69  6850.04  -87.7122  9.28784  0.000191399  0  0  0  0  0  1019.2  0  0
70  6950.02  -87.8884  9.11156  0.000257892  0  0  0  0  0  324.8  0  0
71  7050  -88.0621  8.93794  0.000348564  0  0  0  0  0  201.6  0  0
72  7150.04  -88.2334  8.76655  0.000474461  0  0  0  0  0  22.4  0  0
73  7250.02  -88.4023  8.5977  0.000643044  0  0  0  0  0  22.4  0  0
74  7350  -88.5688  8.43116  0.000867917  0  0  0  0  0  0  0  0
75  7450.04  -88.7332  8.26679  0.00116691  0  0  0  0  0  0  0  0
76  7550.02  -88.8953  8.10468  0.00156242  0  0  0  0  0  0  0  0
77  7650  -89.0553  7.9447  0.00205785  0  0  0  0  0  0  0  0
78  7750.04  -89.2133  7.78673  0.00264732  0  0  0  0  0  0  0  0
79  7850.02  -89.3692  7.63084  0.00339295  0  0  0  0  0  0  0  0
80  7950  -89.5231  7.47692  0.00433499  0  0  0  0  0  0  0  0
81  8050.04  -89.6751  7.32481  0.0055225  0  0  0  0  0  0  0  0
82  8150.02  -89.8252  7.1747  0.00701322  0  0  0  0  0  0  0  0
83  8250  -89.9735  7.02646  0.00886378  0  0  0  0  0  0  0  0
84  8350.04  -90.1201  6.87995  0.0109045  0  0  0  0  0  0  0  0
85  8402.04  -90.1956  6.80445  0.0120686  0  0  0  0  0  0  0  0
86  0  0  0  0  0  0  0  0  0  0  0  0
87  0  0  0  0  0  0  0  0  0  0  0  0
88  0  0  0  0  0  0  0  0  0  0  0  0
89  0  0  0  0  0  0  0  0  0  0  0  0
