time     dist    RSSI    SNR     BER     org     rt      dev     drp     rat% r_
kbps     tot_kbps        bw_util
0  0  0  0  0  0  0  0  0  0  0  0  0
1  53.2522  -26.6038  70.3962  1e-08  0  0  0  0  0  10640  0  0
2  150.301  -41.0367  55.9633  1e-08  0  0  0  0  0  11088  0  0
3  250.185  -47.3824  49.6175  1e-08  0  0  0  0  0  11088  0  0
4  350.14  -51.5101  45.4899  1e-08  0  0  0  0  0  11110.4  0  0
5  450.099  -54.5805  42.4195  1e-08  0  0  0  0  0  11099.2  0  0
6  550.066  -57.0277  39.9723  1e-08  0  0  0  0  0  11110.4  0  0
7  650.087  -59.0641  37.936  1e-08  0  0  0  0  0  11110.4  0  0
8  750.063  -60.8066  36.1934  1e-08  0  0  0  0  0  11099.2  0  0
9  850.042  -62.3302  34.6698  1e-08  0  0  0  0  0  11110.4  0  0
10  950.065  -63.6844  33.3156  1e-08  0  0  0  0  0  11110.4  0  0
11  1050.05  -64.9021  32.0979  1e-08  0  0  0  0  0  11099.2  0  0
12  1150.03  -66.0089  30.9911  1e-08  0  0  0  0  0  11110.4  0  0
13  1250.05  -67.0237  29.9764  1e-08  0  0  0  0  0  11110.4  0  0
14  1350.04  -67.9598  29.0403  1e-08  0  0  0  0  0  11099.2  0  0
15  1450.02  -68.8289  28.1711  1e-08  0  0  0  0  0  11110.4  0  0
16  1550.05  -69.6404  27.3595  1e-08  0  0  0  0  0  11110.4  0  0
17  1650.03  -70.4008  26.5992  1e-08  0  0  0  0  0  11099.2  0  0
18  1750.01  -71.1164  25.8837  1e-08  0  0  0  0  0  11110.4  0  0
19  1850.04  -71.7925  25.2075  1e-08  0  0  0  0  0  11110.4  0  0
20  1950.03  -72.4327  24.5673  1e-08  0  0  0  0  0  11099.2  0  0
21  2050.01  -73.0408  23.9591  1e-08  0  0  0  0  0  11110.4  0  0
22  2150.04  -73.6203  23.3797  1e-08  0  0  0  0  0  11110.4  0  0
23  2250.03  -74.1731  22.827  1e-08  0  0  0  0  0  11099.2  0  0
24  2350.01  -74.7019  22.2981  1e-08  0  0  0  0  0  11110.4  0  0
25  2450.04  -75.2089  21.7911  1e-08  0  0  0  0  0  11110.4  0  0
26  2550.03  -75.6953  21.3047  1e-08  0  0  0  0  0  11099.2  0  0
27  2650.01  -76.1631  20.8369  1e-08  0  0  0  0  0  11110.4  0  0
28  2750.04  -76.6137  20.3863  1e-08  0  0  0  0  0  11110.4  0  0
29  2850.03  -77.048  19.952  1e-08  0  0  0  0  0  11088  0  0
30  2950  -77.4673  19.5327  1e-08  0  0  0  0  0  11110.4  0  0
31  3050.03  -77.8729  19.1272  1e-08  0  0  0  0  0  11110.4  0  0
32  3150.05  -78.2653  18.7347  1e-08  0  0  0  0  0  11076.8  0  0
33  3250.05  -78.6453  18.3547  1e-08  0  0  0  0  0  11088  0  0
34  3350.05  -79.0139  17.9861  1e-08  0  0  0  0  0  11088  0  0
35  3450.05  -79.3716  17.6284  1e-08  0  0  0  0  0  11088  0  0
36  3550.05  -79.719  17.281  1e-08  0  0  0  0  0  11088  0  0
37  3650.05  -80.0569  16.9431  1e-08  0  0  0  0  0  11088  0  0
38  3750.05  -80.3856  16.6144  1e-08  0  0  0  0  0  11088  0  0
39  3850.05  -80.7056  16.2944  1e-08  0  0  0  0  0  11088  0  0
40  3950.05  -81.0174  15.9826  1e-08  0  0  0  0  0  11088  0  0
41  4050.05  -81.3215  15.6785  1e-08  0  0  0  0  0  11088  0  0
42  4150.05  -81.6181  15.3819  1e-08  0  0  0  0  0  11076.8  0  0
43  4250.05  -81.9076  15.0923  1e-08  0  0  0  0  0  11076.8  0  0
44  4350.05  -82.1904  14.8095  1e-08  0  0  0  0  0  11088  0  0
45  4450.05  -82.4668  14.5332  1e-08  0  0  0  0  0  11088  0  0
46  4550.05  -82.7371  14.2629  1e-08  0  0  0  0  0  11076.8  0  0
47  4650.05  -83.0015  13.9985  1e-08  0  0  0  0  0  11088  0  0
48  4750.05  -83.2602  13.7398  1e-08  0  0  0  0  0  11088  0  0
49  4850.05  -83.5136  13.4865  1e-08  0  0  0  0  0  11088  0  0
50  4950.05  -83.7617  13.2382  1e-08  0  0  0  0  0  11088  0  0
51  5050.05  -84.005  12.9951  1.33429e-08  0  0  0  0  0  11088  0  0
52  5150.05  -84.2434  12.7566  6.77713e-08  0  0  0  0  0  11088  0  0
53  5250.05  -84.4773  12.5227  3.7707e-07  0  0  0  0  0  11054.4  0  0
54  5350.05  -84.7067  12.2933  2.03143e-06  0  0  0  0  0  10841.6  0  0
55  5450.05  -84.9319  12.0681  1.03837e-05  0  0  0  0  0  9856  0  0
56  5550.05  -85.153  11.8469  3.2356e-05  0  0  0  0  0  7918.4  0  0
57  5650.05  -85.3702  11.6298  8.53131e-05  0  0  0  0  0  4244.8  0  0
58  5750.05  -85.5835  11.4165  0.000221161  0  0  0  0  0  1243.2  0  0
59  5850.05  -85.7932  11.2068  0.000564011  0  0  0  0  0  100.8  0  0
60  5950.05  -85.9993  11.0007  0.00134571  0  0  0  0  0  0  0  0
61  6050.05  -86.202  10.7981  0.0024982  0  0  0  0  0  0  0  0
62  6150.05  -86.4013  10.5986  0.00444922  0  0  0  0  0  0  0  0
63  6250.05  -86.5975  10.4025  0.00785061  0  0  0  0  0  0  0  0
64  6350.02  -86.7904  10.2096  0.0137256  0  0  0  0  0  0  0  0
65  6450  -86.9804  10.0196  0.023222  0  0  0  0  0  0  0  0
66  6550.03  -87.1676  9.83246  0.0321366  0  0  0  0  0  0  0  0
67  6650.02  -87.3518  9.64822  0.0424406  0  0  0  0  0  0  0  0
68  6750  -87.5333  9.46671  0.0558167  0  0  0  0  0  0  0  0
69  6850.03  -87.7122  9.28786  0.0731228  0  0  0  0  0  0  0  0
70  6950.02  -87.8884  9.11157  0.0954081  0  0  0  0  0  0  0  0
71  7050  -88.0621  8.93793  0.1165  0  0  0  0  0  0  0  0
72  7150.03  -88.2334  8.76656  0.12858  0  0  0  0  0  0  0  0
73  7250.02  -88.4023  8.59771  0.141498  0  0  0  0  0  0  0  0
74  7350  -88.5688  8.43115  0.155509  0  0  0  0  0  0  0  0
75  7402.01  -88.6547  8.3455  0.163204  0  0  0  0  0  0  0  0
76  0  0  0  0  0  0  0  0  0  0  0  0
77  0  0  0  0  0  0  0  0  0  0  0  0
78  0  0  0  0  0  0  0  0  0  0  0  0
79  0  0  0  0  0  0  0  0  0  0  0  0