time     dist    RSSI    SNR     BER     org     rt      dev     drp     rat% r_
kbps     tot_kbps        bw_util
0  0  0  0  0  0  0  0  0  0  0  0  0
1  53.2902  -26.6174  70.3826  1e-08  0  0  0  0  0  5264  0  0
2  150.321  -41.0384  55.9615  1e-08  0  0  0  0  0  5488  0  0
3  250.205  -47.3834  49.6165  1e-08  0  0  0  0  0  5488  0  0
4  350.165  -51.5109  45.4891  1e-08  0  0  0  0  0  5510.4  0  0
5  450.109  -54.5808  42.4192  1e-08  0  0  0  0  0  5499.2  0  0
6  550.058  -57.0275  39.9725  1e-08  0  0  0  0  0  5510.4  0  0
7  650.111  -59.0645  37.9356  1e-08  0  0  0  0  0  5510.4  0  0
8  750.072  -60.8068  36.1933  1e-08  0  0  0  0  0  5499.2  0  0
9  850.034  -62.33  34.6699  1e-08  0  0  0  0  0  5510.4  0  0
10  950.089  -63.6847  33.3153  1e-08  0  0  0  0  0  5510.4  0  0
11  1050.06  -64.9023  32.0978  1e-08  0  0  0  0  0  5499.2  0  0
12  1150.02  -66.0088  30.9912  1e-08  0  0  0  0  0  5510.4  0  0
13  1250.08  -67.0239  29.9762  1e-08  0  0  0  0  0  5510.4  0  0
14  1350.05  -67.9599  29.0402  1e-08  0  0  0  0  0  5499.2  0  0
15  1450.01  -68.8289  28.1711  1e-08  0  0  0  0  0  5510.4  0  0
16  1550.08  -69.6406  27.3593  1e-08  0  0  0  0  0  5510.4  0  0
17  1650.04  -70.4009  26.5991  1e-08  0  0  0  0  0  5499.2  0  0
18  1750  -71.1163  25.8837  1e-08  0  0  0  0  0  5510.4  0  0
19  1850.07  -71.7927  25.2073  1e-08  0  0  0  0  0  5510.4  0  0
20  1950.04  -72.4328  24.5672  1e-08  0  0  0  0  0  5499.2  0  0
21  2050  -73.0408  23.9591  1e-08  0  0  0  0  0  5510.4  0  0
22  2150.07  -73.6204  23.3795  1e-08  0  0  0  0  0  5510.4  0  0
23  2250.04  -74.1732  22.827  1e-08  0  0  0  0  0  5499.2  0  0
24  2350  -74.7019  22.2981  1e-08  0  0  0  0  0  5510.4  0  0
25  2450.07  -75.209  21.791  1e-08  0  0  0  0  0  5510.4  0  0
26  2550.04  -75.6954  21.3046  1e-08  0  0  0  0  0  5499.2  0  0
27  2650  -76.163  20.837  1e-08  0  0  0  0  0  5510.4  0  0
28  2750.07  -76.6138  20.3862  1e-08  0  0  0  0  0  5510.4  0  0
29  2850.04  -77.048  19.952  1e-08  0  0  0  0  0  5499.2  0  0
30  2949.99  -77.4673  19.5327  1e-08  0  0  0  0  0  5510.4  0  0
31  3050.06  -77.873  19.1271  1e-08  0  0  0  0  0  5510.4  0  0
32  3150.09  -78.2654  18.7346  1e-08  0  0  0  0  0  5488  0  0
33  3250.09  -78.6455  18.3545  1e-08  0  0  0  0  0  5488  0  0
34  3350.09  -79.014  17.986  1e-08  0  0  0  0  0  5488  0  0
35  3450.09  -79.3717  17.6282  1e-08  0  0  0  0  0  5488  0  0
36  3550.09  -79.7192  17.2808  1e-08  0  0  0  0  0  5488  0  0
37  3650.09  -80.057  16.943  1e-08  0  0  0  0  0  5488  0  0
38  3750.09  -80.3857  16.6143  1e-08  0  0  0  0  0  5488  0  0
39  3850.09  -80.7057  16.2943  1e-08  0  0  0  0  0  5488  0  0
40  3950.09  -81.0176  15.9824  1e-08  0  0  0  0  0  5476.8  0  0
41  4050.09  -81.3216  15.6784  1e-08  0  0  0  0  0  5488  0  0
42  4150.09  -81.6182  15.3818  1e-08  0  0  0  0  0  5488  0  0
43  4250.09  -81.9077  15.0922  1e-08  0  0  0  0  0  5488  0  0
44  4350.09  -82.1906  14.8094  1e-08  0  0  0  0  0  5488  0  0
45  4450.09  -82.4669  14.5331  1e-08  0  0  0  0  0  5488  0  0
46  4550.09  -82.7372  14.2628  1e-08  0  0  0  0  0  5488  0  0
47  4650.09  -83.0016  13.9984  1e-08  0  0  0  0  0  5488  0  0
48  4750.09  -83.2603  13.7397  1e-08  0  0  0  0  0  5488  0  0
49  4850.09  -83.5137  13.4864  1e-08  0  0  0  0  0  5488  0  0
50  4950.09  -83.7618  13.2381  1e-08  0  0  0  0  0  5488  0  0
51  5050.09  -84.0051  12.995  1e-08  0  0  0  0  0  5476.8  0  0
52  5150.09  -84.2435  12.7565  1e-08  0  0  0  0  0  5488  0  0
53  5250.09  -84.4774  12.5226  1e-08  0  0  0  0  0  5488  0  0
54  5350.09  -84.7068  12.2932  1e-08  0  0  0  0  0  5488  0  0
55  5450.09  -84.932  12.068  1e-08  0  0  0  0  0  5488  0  0
56  5550.09  -85.1531  11.8469  1e-08  0  0  0  0  0  5488  0  0
57  5650.09  -85.3703  11.6297  1e-08  0  0  0  0  0  5488  0  0
58  5750.09  -85.5836  11.4164  1e-08  0  0  0  0  0  5476.8  0  0
59  5850.09  -85.7933  11.2067  1e-08  0  0  0  0  0  5488  0  0
60  5950.09  -85.9994  11.0006  1e-08  0  0  0  0  0  5488  0  0
61  6050.09  -86.2021  10.798  1e-08  0  0  0  0  0  5488  0  0
62  6150.09  -86.4014  10.5986  1e-08  0  0  0  0  0  5488  0  0
63  6250.09  -86.5976  10.4024  1e-08  0  0  0  0  0  5488  0  0
64  6350.03  -86.7905  10.2096  1e-08  0  0  0  0  0  5499.2  0  0
65  6449.99  -86.9804  10.0196  1.07105e-08  0  0  0  0  0  5510.4  0  0
66  6550.06  -87.1676  9.83241  2.11257e-08  0  0  0  0  0  5510.4  0  0
67  6650.03  -87.3518  9.64821  4.66369e-08  0  0  0  0  0  5499.2  0  0
68  6749.99  -87.5333  9.46673  1.01766e-07  0  0  0  0  0  5510.4  0  0
69  6850.06  -87.7122  9.28781  2.19678e-07  0  0  0  0  0  5510.4  0  0
70  6950.03  -87.8884  9.11155  4.68576e-07  0  0  0  0  0  5454.4  0  0
71  7049.99  -88.0621  8.93795  8.75893e-07  0  0  0  0  0  5443.2  0  0
72  7150.06  -88.2334  8.76652  1.37464e-06  0  0  0  0  0  5420.8  0  0
73  7250.03  -88.4023  8.59769  2.13806e-06  0  0  0  0  0  5342.4  0  0
74  7349.99  -88.5688  8.43117  3.30559e-06  0  0  0  0  0  5252.8  0  0
75  7450.06  -88.7332  8.26676  5.08269e-06  0  0  0  0  0  5208  0  0
76  7550.03  -88.8953  8.10467  7.76712e-06  0  0  0  0  0  5028.8  0  0
77  7649.99  -89.0553  7.94471  1.13895e-05  0  0  0  0  0  4748.8  0  0
78  7750.06  -89.2133  7.7867  1.5733e-05  0  0  0  0  0  4748.8  0  0
79  7850.03  -89.3692  7.63083  2.16165e-05  0  0  0  0  0  4121.6  0  0
80  7949.99  -89.5231  7.47692  2.95818e-05  0  0  0  0  0  4065.6  0  0
81  8050.06  -89.6752  7.32479  4.03354e-05  0  0  0  0  0  3416  0  0
82  8150.03  -89.8252  7.17469  5.47714e-05  0  0  0  0  0  3057.6  0  0
83  8249.99  -89.9735  7.02647  7.41791e-05  0  0  0  0  0  2374.4  0  0
84  8350.06  -90.1201  6.87993  0.000101503  0  0  0  0  0  1736  0  0
85  8450.03  -90.2648  6.73517  0.000138878  0  0  0  0  0  1243.2  0  0
86  8549.99  -90.4078  6.59216  0.000189319  0  0  0  0  0  560  0  0
87  8650.06  -90.5493  6.45069  0.000257226  0  0  0  0  0  302.4  0  0
88  8750.03  -90.6891  6.31096  0.000348157  0  0  0  0  0  168  0  0
89  8849.99  -90.8272  6.1728  0.000469624  0  0  0  0  0  22.4  0  0
90  8950.06  -90.9639  6.03605  0.000630715  0  0  0  0  0  0  0  0
91  9050.03  -91.099  5.901  0.000820407  0  0  0  0  0  0  0  0
92  9149.99  -91.2326  5.76742  0.00105229  0  0  0  0  0  0  0  0
93  9250.06  -91.3649  5.63516  0.00134637  0  0  0  0  0  0  0  0
94  9350.03  -91.4956  5.50444  0.00171768  0  0  0  0  0  0  0  0
95  9449.99  -91.6249  5.3751  0.00218573  0  0  0  0  0  0  0  0
96  9550.06  -91.753  5.247  0.00277491  0  0  0  0  0  0  0  0
97  9650.03  -91.8796  5.12038  0.00351335  0  0  0  0  0  0  0  0
98  9749.99  -92.0049  4.99504  0.00442907  0  0  0  0  0  0  0  0
99  9850.06  -92.1291  4.8709  0.00552128  0  0  0  0  0  0  0  0
100  9950.03  -92.2519  4.74812  0.00685793  0  0  0  0  0  0  0  0
101  10050  -92.3735  4.62654  0.00849979  0  0  0  0  0  0  0  0
102  10150.1  -92.4939  4.50606  0.0105145  0  0  0  0  0  0  0  0
103  10250  -92.6131  4.38688  0.012977  0  0  0  0  0  0  0  0
104  10350  -92.7311  4.26882  0.0159836  0  0  0  0  0  0  0  0
105  10402  -92.7922  4.208  0.0177699  0  0  0  0  0  0  0  0
106  0  0  0  0  0  0  0  0  0  0  0  0
107  0  0  0  0  0  0  0  0  0  0  0  0
108  0  0  0  0  0  0  0  0  0  0  0  0
109  0  0  0  0  0  0  0  0  0  0  0  0
