time     dist    RSSI    SNR     BER     org     rt      dev     drp     rat% r_
kbps     tot_kbps        bw_util
0  0  0  0  0  0  0  0  0  0  0  0  0
1  53.3686  -26.6456  70.3544  1e-08  0  0  0  0  0  2576  0  0
2  150.364  -41.0419  55.958  1e-08  0  0  0  0  0  2688  0  0
3  250.248  -47.3855  49.6144  1e-08  0  0  0  0  0  2688  0  0
4  350.215  -51.5126  45.4874  1e-08  0  0  0  0  0  2710.4  0  0
5  450.128  -54.5813  42.4186  1e-08  0  0  0  0  0  2699.2  0  0
6  550.041  -57.0271  39.9729  1e-08  0  0  0  0  0  2710.4  0  0
7  650.162  -59.0654  37.9346  1e-08  0  0  0  0  0  2710.4  0  0
8  750.091  -60.8071  36.1929  1e-08  0  0  0  0  0  2699.2  0  0
9  850.017  -62.3298  34.6702  1e-08  0  0  0  0  0  2710.4  0  0
10  950.14  -63.6853  33.3147  1e-08  0  0  0  0  0  2710.4  0  0
11  1050.08  -64.9025  32.0976  1e-08  0  0  0  0  0  2699.2  0  0
12  1150  -66.0086  30.9914  1e-08  0  0  0  0  0  2710.4  0  0
13  1250.13  -67.0244  29.9757  1e-08  0  0  0  0  0  2710.4  0  0
14  1350.07  -67.9601  29.04  1e-08  0  0  0  0  0  2699.2  0  0
15  1450  -68.8287  28.1713  1e-08  0  0  0  0  0  2710.4  0  0
16  1550.13  -69.641  27.3589  1e-08  0  0  0  0  0  2710.4  0  0
17  1650.06  -70.401  26.599  1e-08  0  0  0  0  0  2699.2  0  0
18  1749.99  -71.1162  25.8839  1e-08  0  0  0  0  0  2710.4  0  0
19  1850.12  -71.793  25.207  1e-08  0  0  0  0  0  2710.4  0  0
20  1950.06  -72.4329  24.5671  1e-08  0  0  0  0  0  2699.2  0  0
21  2049.99  -73.0407  23.9592  1e-08  0  0  0  0  0  2710.4  0  0
22  2150.12  -73.6207  23.3793  1e-08  0  0  0  0  0  2710.4  0  0
23  2250.06  -74.1733  22.8269  1e-08  0  0  0  0  0  2699.2  0  0
24  2349.99  -74.7018  22.2982  1e-08  0  0  0  0  0  2710.4  0  0
25  2450.12  -75.2093  21.7907  1e-08  0  0  0  0  0  2710.4  0  0
26  2550.06  -75.6955  21.3045  1e-08  0  0  0  0  0  2699.2  0  0
27  2649.99  -76.163  20.837  1e-08  0  0  0  0  0  2710.4  0  0
28  2750.12  -76.614  20.3859  1e-08  0  0  0  0  0  2710.4  0  0
29  2850.06  -77.0481  19.9519  1e-08  0  0  0  0  0  2699.2  0  0
30  2949.98  -77.4672  19.5328  1e-08  0  0  0  0  0  2710.4  0  0
31  3050.11  -77.8732  19.1269  1e-08  0  0  0  0  0  2710.4  0  0
32  3150.18  -78.2658  18.7343  1e-08  0  0  0  0  0  2688  0  0
33  3250.18  -78.6458  18.3542  1e-08  0  0  0  0  0  2688  0  0
34  3350.18  -79.0143  17.9857  1e-08  0  0  0  0  0  2688  0  0
35  3450.18  -79.372  17.6279  1e-08  0  0  0  0  0  2688  0  0
36  3550.18  -79.7195  17.2806  1e-08  0  0  0  0  0  2688  0  0
37  3650.18  -80.0573  16.9427  1e-08  0  0  0  0  0  2688  0  0
38  3750.18  -80.386  16.614  1e-08  0  0  0  0  0  2688  0  0
39  3850.18  -80.706  16.294  1e-08  0  0  0  0  0  2688  0  0
40  3950.18  -81.0178  15.9822  1e-08  0  0  0  0  0  2688  0  0
41  4050.18  -81.3218  15.6781  1e-08  0  0  0  0  0  2688  0  0
42  4150.18  -81.6184  15.3816  1e-08  0  0  0  0  0  2688  0  0
43  4250.18  -81.908  15.092  1e-08  0  0  0  0  0  2688  0  0
44  4350.18  -82.1908  14.8092  1e-08  0  0  0  0  0  2688  0  0
45  4450.18  -82.4672  14.5329  1e-08  0  0  0  0  0  2688  0  0
46  4550.18  -82.7374  14.2626  1e-08  0  0  0  0  0  2688  0  0
47  4650.18  -83.0018  13.9982  1e-08  0  0  0  0  0  2688  0  0
48  4750.18  -83.2605  13.7394  1e-08  0  0  0  0  0  2688  0  0
49  4850.18  -83.5139  13.4862  1e-08  0  0  0  0  0  2688  0  0
50  4950.18  -83.762  13.2379  1e-08  0  0  0  0  0  2688  0  0
51  5050.18  -84.0053  12.9948  1e-08  0  0  0  0  0  2688  0  0
52  5150.18  -84.2437  12.7563  1e-08  0  0  0  0  0  2688  0  0
53  5250.18  -84.4776  12.5224  1e-08  0  0  0  0  0  2688  0  0
54  5350.18  -84.707  12.293  1e-08  0  0  0  0  0  2688  0  0
55  5450.18  -84.9322  12.0678  1e-08  0  0  0  0  0  2688  0  0
56  5550.18  -85.1533  11.8467  1e-08  0  0  0  0  0  2688  0  0
57  5650.18  -85.3704  11.6296  1e-08  0  0  0  0  0  2688  0  0
58  5750.18  -85.5838  11.4162  1e-08  0  0  0  0  0  2688  0  0
59  5850.18  -85.7935  11.2065  1e-08  0  0  0  0  0  2688  0  0
60  5950.18  -85.9996  11.0004  1e-08  0  0  0  0  0  2688  0  0
61  6050.18  -86.2022  10.7978  1e-08  0  0  0  0  0  2688  0  0
62  6150.18  -86.4016  10.5984  1e-08  0  0  0  0  0  2688  0  0
63  6250.18  -86.5977  10.4023  1e-08  0  0  0  0  0  2688  0  0
64  6350.05  -86.7905  10.2095  1e-08  0  0  0  0  0  2699.2  0  0
65  6449.98  -86.9804  10.0196  1e-08  0  0  0  0  0  2710.4  0  0
66  6550.11  -87.1677  9.83232  1e-08  0  0  0  0  0  2710.4  0  0
67  6650.05  -87.3518  9.64817  1e-08  0  0  0  0  0  2699.2  0  0
68  6749.98  -87.5332  9.46676  1e-08  0  0  0  0  0  2699.2  0  0
69  6850.11  -87.7123  9.28772  1e-08  0  0  0  0  0  2710.4  0  0
70  6950.05  -87.8884  9.11152  1e-08  0  0  0  0  0  2699.2  0  0
71  7049.98  -88.062  8.93798  1e-08  0  0  0  0  0  2710.4  0  0
72  7150.11  -88.2335  8.76643  1e-08  0  0  0  0  0  2710.4  0  0
73  7250.05  -88.4023  8.59766  1e-08  0  0  0  0  0  2699.2  0  0
74  7349.98  -88.5688  8.4312  1e-08  0  0  0  0  0  2710.4  0  0
75  7450.11  -88.7333  8.26668  1e-08  0  0  0  0  0  2710.4  0  0
76  7550.05  -88.8954  8.10464  1e-08  0  0  0  0  0  2699.2  0  0
77  7649.98  -89.0553  7.94474  1e-08  0  0  0  0  0  2710.4  0  0
78  7750.11  -89.2134  7.78662  1e-08  0  0  0  0  0  2710.4  0  0
79  7850.05  -89.3692  7.6308  1e-08  0  0  0  0  0  2699.2  0  0
80  7949.98  -89.523  7.47695  1e-08  0  0  0  0  0  2710.4  0  0
81  8050.11  -89.6752  7.32471  1e-08  0  0  0  0  0  2710.4  0  0
82  8150.05  -89.8253  7.17466  1e-08  0  0  0  0  0  2699.2  0  0
83  8249.98  -89.9735  7.02649  1e-08  0  0  0  0  0  2710.4  0  0
84  8350.11  -90.1202  6.87985  1e-08  0  0  0  0  0  2710.4  0  0
85  8450.05  -90.2649  6.73515  1e-08  0  0  0  0  0  2699.2  0  0
86  8549.98  -90.4078  6.59219  1e-08  0  0  0  0  0  2710.4  0  0
87  8650.11  -90.5494  6.45062  1e-08  0  0  0  0  0  2699.2  0  0
88  8750.05  -90.6891  6.31093  1e-08  0  0  0  0  0  2699.2  0  0
89  8849.98  -90.8272  6.17282  1e-08  0  0  0  0  0  2710.4  0  0
90  8950.11  -90.964  6.03599  1.0149e-08  0  0  0  0  0  2710.4  0  0
91  9050.05  -91.099  5.90097  1.47371e-08  0  0  0  0  0  2699.2  0  0
92  9149.98  -91.2326  5.76745  2.44972e-08  0  0  0  0  0  2710.4  0  0
93  9250.11  -91.3649  5.63509  4.05343e-08  0  0  0  0  0  2699.2  0  0
94  9350.05  -91.4956  5.50441  6.66386e-08  0  0  0  0  0  2699.2  0  0
95  9449.98  -91.6249  5.37512  1.08991e-07  0  0  0  0  0  2710.4  0  0
96  9550.11  -91.753  5.24694  1.77499e-07  0  0  0  0  0  2710.4  0  0
97  9650.05  -91.8796  5.12035  2.87315e-07  0  0  0  0  0  2699.2  0  0
98  9749.98  -92.0049  4.99507  4.49365e-07  0  0  0  0  0  2699.2  0  0
99  9850.11  -92.1292  4.87083  6.13793e-07  0  0  0  0  0  2699.2  0  0
100  9950.05  -92.2519  4.7481  8.21518e-07  0  0  0  0  0  2643.2  0  0
101  10050  -92.3734  4.62655  1.09638e-06  0  0  0  0  0  2688  0  0
102  10150.1  -92.494  4.506  1.45984e-06  0  0  0  0  0  2676.8  0  0
103  10250  -92.6131  4.38685  1.93722e-06  0  0  0  0  0  2665.6  0  0
104  10350  -92.7311  4.26884  2.56375e-06  0  0  0  0  0  2632  0  0
105  10450.1  -92.8482  4.15179  3.38558e-06  0  0  0  0  0  2643.2  0  0
106  10550  -92.9639  4.03605  4.43997e-06  0  0  0  0  0  2632  0  0
107  10650  -93.0786  3.9214  5.10935e-06  0  0  0  0  0  2497.6  0  0
108  10750.1  -93.1924  3.80761  5.5241e-06  0  0  0  0  0  2564.8  0  0
109  10850  -93.3049  3.69507  5.9673e-06  0  0  0  0  0  2430.4  0  0
110  10950  -93.4164  3.58362  6.44148e-06  0  0  0  0  0  2553.6  0  0
111  11050.1  -93.5271  3.47289  6.94956e-06  0  0  0  0  0  2486.4  0  0
112  11150  -93.6366  3.36342  7.49148e-06  0  0  0  0  0  2452.8  0  0
113  11250  -93.7451  3.25493  8.07024e-06  0  0  0  0  0  2553.6  0  0
114  11350.1  -93.8528  3.14715  8.68926e-06  0  0  0  0  0  2464  0  0
115  11450  -93.9594  3.0406  9.35959e-06  0  0  0  0  0  2441.6  0  0
116  11550  -94.0651  2.93492  1.11865e-05  0  0  0  0  0  2419.2  0  0
117  11650.1  -94.1701  2.82992  1.42345e-05  0  0  0  0  0  2296  0  0
118  11750  -94.2739  2.72608  1.80669e-05  0  0  0  0  0  1982.4  0  0
119  11850  -94.3769  2.62305  2.28854e-05  0  0  0  0  0  2094.4  0  0
120  11950.1  -94.4792  2.52074  2.89446e-05  0  0  0  0  0  2116.8  0  0
121  12050  -94.5805  2.41944  3.65193e-05  0  0  0  0  0  1769.6  0  0
122  12150  -94.6809  2.31903  4.59888e-05  0  0  0  0  0  1668.8  0  0
123  12250.1  -94.7808  2.21918  5.783e-05  0  0  0  0  0  1433.6  0  0
124  12350  -94.8796  2.12042  7.25515e-05  0  0  0  0  0  1198.4  0  0
125  12450  -94.9776  2.02243  9.09081e-05  0  0  0  0  0  1064  0  0
126  12550.1  -95.075  1.92507  0.000114911  0  0  0  0  0  795.2  0  0
127  12650  -95.1714  1.82854  0.000145428  0  0  0  0  0  616  0  0
128  12749.9  -95.2671  1.73298  0.000183691  0  0  0  0  0  448  0  0
129  12849.9  -95.3621  1.63794  0.000231659  0  0  0  0  0  179.2  0  0
130  12949.9  -95.4563  1.54367  0.00029163  0  0  0  0  0  134.4  0  0
131  13049.9  -95.5499  1.45012  0.000366475  0  0  0  0  0  0  0  0
132  13149.9  -95.6427  1.35732  0.000459727  0  0  0  0  0  22.4  0  0
133  13249.9  -95.7348  1.26518  0.000575719  0  0  0  0  0  0  0  0
134  13349.9  -95.8262  1.17376  0.000719757  0  0  0  0  0  0  0  0
135  13402  -95.8736  1.126  0.000806398  0  0  0  0  0  0  0  0
136  0  0  0  0  0  0  0  0  0  0  0  0
137  0  0  0  0  0  0  0  0  0  0  0  0
138  0  0  0  0  0  0  0  0  0  0  0  0
139  0  0  0  0  0  0  0  0  0  0  0  0