time     dist    RSSI    SNR     BER     org     rt      dev     drp     rat% r_
kbps     tot_kbps        bw_util
0  0  0  0  0  0  0  0  0  0  0  0  0
1  53.252  -26.6026  70.3974  1e-08  0  0  0  0  0  21806.4  0  0
2  150.324  -41.0387  55.9612  1e-08  0  0  0  0  0  22713.6  0  0
3  250.208  -47.3835  49.6163  1e-08  0  0  0  0  0  22713.6  0  0
4  350.164  -51.511  45.489  1e-08  0  0  0  0  0  22769.6  0  0
5  450.121  -54.5811  42.4189  1e-08  0  0  0  0  0  22736  0  0
6  550.088  -57.0282  39.9718  1e-08  0  0  0  0  0  22758.4  0  0
7  650.109  -59.0645  37.9356  1e-08  0  0  0  0  0  22769.6  0  0
8  750.085  -60.807  36.1931  1e-08  0  0  0  0  0  22736  0  0
9  850.064  -62.3305  34.6695  1e-08  0  0  0  0  0  22758.4  0  0
10  950.087  -63.6847  33.3153  1e-08  0  0  0  0  0  22769.6  0  0
11  1050.07  -64.9024  32.0977  1e-08  0  0  0  0  0  22736  0  0
12  1150.05  -66.0091  30.9909  1e-08  0  0  0  0  0  22747.2  0  0
13  1250.08  -67.0239  29.9762  1e-08  0  0  0  0  0  22769.6  0  0
14  1350.06  -67.96  29.0401  1e-08  0  0  0  0  0  22736  0  0
15  1450.04  -68.8291  28.1709  1e-08  0  0  0  0  0  22747.2  0  0
16  1550.08  -69.6406  27.3593  1e-08  0  0  0  0  0  22769.6  0  0
17  1650.06  -70.401  26.5991  1e-08  0  0  0  0  0  22724.8  0  0
18  1750.03  -71.1165  25.8835  1e-08  0  0  0  0  0  22758.4  0  0
19  1850.07  -71.7927  25.2073  1e-08  0  0  0  0  0  22769.6  0  0
20  1950.05  -72.4328  24.5671  1e-08  0  0  0  0  0  22736  0  0
21  2050.03  -73.041  23.959  1e-08  0  0  0  0  0  22758.4  0  0
22  2150.07  -73.6204  23.3796  1e-08  0  0  0  0  0  22758.4  0  0
23  2250.05  -74.1732  22.8269  1e-08  0  0  0  0  0  22724.8  0  0
24  2350.03  -74.702  22.298  1e-08  0  0  0  0  0  22747.2  0  0
25  2450.07  -75.209  21.791  3.60284e-08  0  0  0  0  0  22747.2  0  0
26  2550.05  -75.6954  21.3046  3.96116e-07  0  0  0  0  0  22635.2  0  0
27  2650.03  -76.1632  20.8368  1.92e-06  0  0  0  0  0  22265.6  0  0
28  2750.07  -76.6138  20.3862  4.12258e-06  0  0  0  0  0  21593.6  0  0
29  2850.05  -77.0481  19.9519  1.08707e-05  0  0  0  0  0  19824  0  0
30  2950.02  -77.4674  19.5326  5.45355e-05  0  0  0  0  0  11972.8  0  0
31  3050.06  -77.873  19.1272  0.000265508  0  0  0  0  0  1691.2  0  0
32  3150.07  -78.2653  18.7347  0.000849494  0  0  0  0  0  0  0  0
33  3250.07  -78.6454  18.3546  0.00232158  0  0  0  0  0  0  0  0
34  3350.07  -79.0139  17.9861  0.00580441  0  0  0  0  0  0  0  0
35  3450.07  -79.3716  17.6283  0.0112519  0  0  0  0  0  0  0  0
36  3550.05  -79.719  17.281  0.0208758  0  0  0  0  0  0  0  0
37  3650.05  -80.0569  16.9431  0.0355272  0  0  0  0  0  0  0  0
38  3750.05  -80.3856  16.6144  0.0494195  0  0  0  0  0  0  0  0
39  3850.05  -80.7056  16.2944  0.0673148  0  0  0  0  0  0  0  0
40  3950.05  -81.0174  15.9826  0.0893062  0  0  0  0  0  0  0  0
41  4050.05  -81.3215  15.6785  0.108552  0  0  0  0  0  0  0  0
42  4150.05  -81.6181  15.3819  0.130046  0  0  0  0  0  0  0  0
43  4250.05  -81.9076  15.0923  0.155027  0  0  0  0  0  0  0  0
44  4350.05  -82.1904  14.8095  0.179556  0  0  0  0  0  0  0  0
45  4450.05  -82.4668  14.5332  0.204749  0  0  0  0  0  0  0  0
46  4550.05  -82.7371  14.2629  0.232798  0  0  0  0  0  0  0  0
47  4650.05  -83.0014  13.9985  0.261746  0  0  0  0  0  0  0  0
48  4750.05  -83.2602  13.7398  0.280081  0  0  0  0  0  0  0  0
49  4850.05  -83.5135  13.4865  0.297073  0  0  0  0  0  0  0  0
50  4950.05  -83.7617  13.2382  0.314718  0  0  0  0  0  0  0  0
51  5050.05  -84.0049  12.9951  0.331126  0  0  0  0  0  0  0  0
52  5150.05  -84.2434  12.7566  0.337457  0  0  0  0  0  0  0  0
53  5250.05  -84.4773  12.5227  0.342187  0  0  0  0  0  0  0  0
54  5350.05  -84.7067  12.2933  0.346893  0  0  0  0  0  0  0  0
55  5402.04  -84.8245  12.1754  0.349331  0  0  0  0  0  0  0  0
56  0  0  0  0  0  0  0  0  0  0  0  0
57  0  0  0  0  0  0  0  0  0  0  0  0
58  0  0  0  0  0  0  0  0  0  0  0  0
59  0  0  0  0  0  0  0  0  0  0  0  0
